          1 00000000 00000000 2 2 00000000 0 1 1 0 0 0 0 1 1 1
          2 00000000 00000000 2 2 00000000 1 1 1 0 0 0 0 1 1 1
          3 00000000 00000000 2 2 00000000 0 1 0 0 0 0 0 1 1 1
          4 00000000 00000000 2 2 00000000 1 1 0 0 0 0 0 1 1 1
          5 00000000 00000000 2 2 00000000 0 1 0 0 0 0 0 1 1 1
          6 00000000 00000000 2 2 00000000 1 1 0 0 0 0 0 1 1 1
          7 ea000006 00000000 2 2 00000000 0 1 1 0 0 0 0 1 1 1
          8 ea000006 00000000 2 2 00000000 1 1 1 0 0 0 0 1 1 1
          9 ea000006 00000000 2 2 00000000 0 1 0 0 0 0 0 1 1 1
         10 ea000006 00000000 2 2 00000000 1 1 0 0 0 0 0 1 1 1
         11 ea000006 00000000 2 2 00000000 0 1 0 0 0 0 0 1 1 1
         12 ea000006 00000000 2 2 00000000 1 1 0 0 0 0 0 1 1 1
         13 e1a00000 00000000 2 2 00000000 0 1 1 0 0 0 0 1 1 1
         14 e1a00000 00000000 2 2 00000000 1 1 1 0 0 0 0 1 1 1
         15 e1a00000 00000000 2 2 00000000 0 1 0 0 0 0 0 1 1 1
         16 e1a00000 00000000 2 2 00000000 1 1 0 0 0 0 0 1 1 1
         17 e1a00000 00000000 2 2 00000000 0 1 0 0 0 0 0 1 1 1
         18 e1a00000 00000000 2 2 00000000 1 1 0 0 0 0 0 1 1 1
         19 e1a00000 00000000 2 2 00000000 0 1 1 0 0 0 0 1 1 1
         20 e1a00000 00000000 2 2 00000000 1 1 1 0 0 0 0 1 1 1
         21 e1a00000 00000000 2 2 00000000 0 1 0 0 0 0 0 1 1 1
         22 e1a00000 00000000 2 2 00000000 1 1 0 0 0 0 0 1 1 1
         23 e1a00000 00000000 2 2 00000000 0 1 0 0 0 0 0 1 1 1
         24 e1a00000 00000000 2 2 00000000 1 1 0 0 0 0 0 1 1 1
         25 e1a00000 00000000 2 2 00000000 0 1 1 0 0 0 0 1 1 1
         26 e1a00000 00000000 2 2 00000000 1 1 1 0 0 0 0 1 1 1
         27 e1a00000 00000000 2 2 00000000 0 1 0 0 0 0 0 1 1 1
         28 e1a00000 00000000 2 2 00000000 1 1 0 0 0 0 0 1 1 1
         29 e1a00000 00000000 2 2 00000000 0 1 0 0 0 0 0 1 1 1
         30 e1a00000 00000000 2 2 00000000 1 1 0 0 0 0 0 1 1 1
         31 e3a00801 00000000 2 2 00000000 0 1 1 0 0 0 0 1 1 1
         32 e3a00801 00000000 2 2 00000000 1 1 1 0 0 0 0 1 1 1
         33 e3a00801 00000000 2 2 00000000 0 1 0 0 0 0 0 1 1 1
         34 e3a00801 00000000 2 2 00000000 1 1 0 0 0 0 0 1 1 1
         35 e3a00801 00000000 2 2 00000000 0 1 0 0 0 0 0 1 1 1
         36 e3a00801 00000000 2 2 00000000 1 1 0 0 0 0 0 1 1 1
         37 e1a0d000 00000000 2 2 00000000 0 1 1 0 0 0 0 1 1 1
         38 e1a0d000 00000000 2 2 00000000 1 1 1 0 0 0 0 1 1 1
         39 e1a0d000 00000000 2 2 00000000 0 1 0 0 0 0 0 1 1 1
         40 e1a0d000 00000000 2 2 00000000 1 1 0 0 0 0 0 1 1 1
         41 e1a0d000 00000000 2 2 00000000 0 1 0 0 0 0 0 1 1 1
         42 e1a0d000 00000000 2 2 00000000 1 1 0 0 0 0 0 1 1 1
         43 e10f0000 00000000 2 2 00000000 0 1 1 0 0 0 0 1 1 1
         44 e10f0000 00000000 2 2 00000000 1 1 1 0 0 0 0 1 1 1
         45 e10f0000 00000000 2 2 00000000 0 1 0 0 0 0 0 1 1 1
         46 e10f0000 00000000 2 2 00000000 1 1 0 0 0 0 0 1 1 1
         47 e10f0000 00000000 2 2 00000000 0 1 0 0 0 0 0 1 1 1
         48 e10f0000 00000000 2 2 00000000 1 1 0 0 0 0 0 1 1 1
         49 e3c00001 00000000 2 2 00000000 0 1 1 0 0 0 0 1 1 1
         50 e3c00001 00000000 2 2 00000000 1 1 1 0 0 0 0 1 1 1
         51 e3c00001 00000000 2 2 00000000 0 1 0 0 0 0 0 1 1 1
         52 e3c00001 00000000 2 2 00000000 1 1 0 0 0 0 0 1 1 1
         53 e3c00001 00000000 2 2 00000000 0 1 0 0 0 0 0 1 1 1
         54 e3c00001 00000000 2 2 00000000 1 1 0 0 0 0 0 1 1 1
         55 e129f000 00000000 2 2 00000000 0 1 1 0 0 0 0 1 1 1
         56 e129f000 00000000 2 2 00000000 1 1 1 0 0 0 0 1 1 1
         57 e129f000 00000000 2 2 00000000 0 1 0 0 0 0 0 1 1 1
         58 e129f000 00000000 2 2 00000000 1 1 0 0 0 0 0 1 1 1
         59 e129f000 00000000 2 2 00000000 0 1 0 0 0 0 0 1 1 1
         60 e129f000 00000000 2 2 00000000 1 1 0 0 0 0 0 1 1 1
         61 e3a01802 00000000 2 2 00000000 0 1 1 0 0 0 0 1 1 1
         62 e3a01802 00000000 2 2 00000000 1 1 1 0 0 0 0 1 1 1
         63 e3a01802 00000000 2 2 00000000 0 1 0 0 0 0 0 1 1 1
         64 e3a01802 00000000 2 2 00000000 1 1 0 0 0 0 0 1 1 1
         65 e3a01802 00000000 2 2 00000000 0 1 0 0 0 0 0 1 1 1
         66 e3a01802 00000000 2 2 00000000 1 1 0 0 0 0 0 1 1 1
         67 e1a0d000 00000000 2 2 00000000 0 1 1 0 0 0 0 1 1 1
         68 e1a0d000 00000000 2 2 00000000 1 1 1 0 0 0 0 1 1 1
         69 00000000 00000000 2 2 00000000 0 1 1 0 0 0 0 1 1 1
         70 00000000 00000000 2 2 00000000 1 1 1 0 0 0 0 1 1 1
         71 e1a0d000 00000000 2 2 00000000 0 1 0 0 0 0 0 1 1 1
         72 e1a0d000 00000000 2 2 00000000 1 1 0 0 0 0 0 1 1 1
         73 e1a0d000 00000000 2 2 00000000 0 1 0 0 0 0 0 1 1 1
         74 e1a0d000 00000000 2 2 00000000 1 1 0 0 0 0 0 1 1 1
         75 e3800001 00000000 2 2 00000000 0 1 1 0 0 0 0 1 1 1
         76 e3800001 00000000 2 2 00000000 1 1 1 0 0 0 0 1 1 1
         77 e3800001 00000000 2 2 00000000 0 1 0 0 0 0 0 1 1 1
         78 e3800001 00000000 2 2 00000000 1 1 0 0 0 0 0 1 1 1
         79 e3800001 00000000 2 2 00000000 0 1 0 0 0 0 0 1 1 1
         80 e3800001 00000000 2 2 00000000 1 1 0 0 0 0 0 1 1 1
         81 e3c000a0 00000000 2 2 00000000 0 1 1 0 0 0 0 1 1 1
         82 e3c000a0 00000000 2 2 00000000 1 1 1 0 0 0 0 1 1 1
         83 e3c000a0 00000000 2 2 00000000 0 1 0 0 0 0 0 1 1 1
         84 e3c000a0 00000000 2 2 00000000 1 1 0 0 0 0 0 1 1 1
         85 e3c000a0 00000000 2 2 00000000 0 1 0 0 0 0 0 1 1 1
         86 e3c000a0 00000000 2 2 00000000 1 1 0 0 0 0 0 1 1 1
         87 e129f000 00000000 2 2 00000000 0 1 1 0 0 0 0 1 1 1
         88 e129f000 00000000 2 2 00000000 1 1 1 0 0 0 0 1 1 1
         89 e129f000 00000000 2 2 00000000 0 1 0 0 0 0 0 1 1 1
         90 e129f000 00000000 2 2 00000000 1 1 0 0 0 0 0 1 1 1
         91 e129f000 00000000 2 2 00000000 0 1 0 0 0 0 0 1 1 1
         92 e129f000 00000000 2 2 00000000 1 1 0 0 0 0 0 1 1 1
         93 e1a0e00f 00000000 2 2 00000000 0 1 1 0 0 0 0 1 1 1
         94 e1a0e00f 00000000 2 2 00000000 1 1 1 0 0 0 0 1 1 1
         95 e1a0e00f 00000000 2 2 00000000 0 1 0 0 0 0 0 1 1 1
         96 e1a0e00f 00000000 2 2 00000000 1 1 0 0 0 0 0 1 1 1
         97 e1a0e00f 00000000 2 2 00000000 0 1 0 0 0 0 0 1 1 1
         98 e1a0e00f 00000000 2 2 00000000 1 1 0 0 0 0 0 1 1 1
         99 e59ff00c 00000000 2 2 00000000 0 1 1 0 0 0 0 1 1 1
        100 e59ff00c 00000000 2 2 00000000 1 1 1 0 0 0 0 1 1 1
        101 00000000 00000000 2 2 00000000 0 1 1 0 0 0 0 1 1 1
        102 00000000 00000000 2 2 00000000 1 1 1 0 0 0 0 1 1 1
        103 e59ff00c 00000000 2 2 00000000 0 1 0 0 0 0 0 1 1 1
        104 e59ff00c 00000000 2 2 00000000 1 1 0 0 0 0 0 1 1 1
        105 e59ff00c 00000000 2 2 00000000 0 1 0 0 0 0 0 1 1 1
        106 e59ff00c 00000000 2 2 00000000 1 1 0 0 0 0 0 1 1 1
        107 e3a0c242 00000000 2 2 00000000 0 1 1 0 0 0 0 1 1 1
        108 e3a0c242 00000000 2 2 00000000 1 1 1 0 0 0 0 1 1 1
        109 e3a0c242 00000000 2 2 00000000 0 1 0 0 0 0 0 1 1 1
        110 e3a0c242 00000000 2 2 00000000 1 1 0 0 0 0 0 1 1 1
        111 e3a0c242 00000000 2 2 00000000 0 1 0 0 0 0 0 1 1 1
        112 e3a0c242 00000000 2 2 00000000 1 1 0 0 0 0 0 1 1 1
        113 e3a0d004 00000000 2 2 00000000 0 1 1 0 0 0 0 1 1 1
        114 e3a0d004 00000000 2 2 00000000 1 1 1 0 0 0 0 1 1 1
        115 00000000 00000000 2 2 00000000 0 1 0 0 0 0 0 1 1 1
        116 00000000 00000000 2 2 00000000 1 1 0 0 0 0 0 1 1 1
        117 00000000 00000000 2 2 00000000 0 1 0 0 0 0 0 1 1 1
        118 00000000 00000000 2 2 00000000 1 1 0 0 0 0 0 1 1 1
        119 00000000 00000064 2 2 00000000 0 1 1 0 0 0 0 1 1 1
        120 00000000 00000064 2 2 00000000 1 1 1 0 0 0 0 1 1 1
        121 e3a0d004 00000000 2 2 00000000 0 1 0 0 0 0 0 1 1 1
        122 e3a0d004 00000000 2 2 00000000 1 1 0 0 0 0 0 1 1 1
        123 e3a0d004 00000000 2 2 00000000 0 1 0 0 0 0 0 1 1 1
        124 e3a0d004 00000000 2 2 00000000 1 1 0 0 0 0 0 1 1 1
        125 00000140 00000000 2 2 00000000 0 1 1 0 0 0 0 1 1 1
        126 00000140 00000000 2 2 00000000 1 1 1 0 0 0 0 1 1 1
        127 00000000 00000000 2 2 00000000 0 1 1 0 0 0 0 1 1 1
        128 00000000 00000000 2 2 00000000 1 1 1 0 0 0 0 1 1 1
        129 00000140 00000000 2 2 00000000 0 1 0 0 0 0 0 1 1 1
        130 00000140 00000000 2 2 00000000 1 1 0 0 0 0 0 1 1 1
        131 00000140 00000000 2 2 00000000 0 1 0 0 0 0 0 1 1 1
        132 00000140 00000000 2 2 00000000 1 1 0 0 0 0 0 1 1 1
        133 e3a01205 00000000 2 2 00000000 0 1 1 0 0 0 0 1 1 1
        134 e3a01205 00000000 2 2 00000000 1 1 1 0 0 0 0 1 1 1
        135 e3a01205 00000000 2 2 00000000 0 1 0 0 0 0 0 1 1 1
        136 e3a01205 00000000 2 2 00000000 1 1 0 0 0 0 0 1 1 1
        137 e3a01205 00000000 2 2 00000000 0 1 0 0 0 0 0 1 1 1
        138 e3a01205 00000000 2 2 00000000 1 1 0 0 0 0 0 1 1 1
        139 e3a02001 00000000 2 2 00000000 0 1 1 0 0 0 0 1 1 1
        140 e3a02001 00000000 2 2 00000000 1 1 1 0 0 0 0 1 1 1
        141 e3a02001 00000000 2 2 00000000 0 1 0 0 0 0 0 1 1 1
        142 e3a02001 00000000 2 2 00000000 1 1 0 0 0 0 0 1 1 1
        143 e3a02001 00000000 2 2 00000000 0 1 0 0 0 0 0 1 1 1
        144 e3a02001 00000000 2 2 00000000 1 1 0 0 0 0 0 1 1 1
        145 e52de004 00000000 2 2 00000000 0 1 1 0 0 0 0 1 1 1
        146 e52de004 00000000 2 2 00000000 1 1 1 0 0 0 0 1 1 1
        147 e52de004 00000000 2 2 00000000 0 1 0 0 0 0 0 1 1 1
        148 e52de004 00000000 2 2 00000000 1 1 0 0 0 0 0 1 1 1
        149 e52de004 00000000 2 2 00000000 0 1 0 0 0 0 0 1 1 1
        150 e52de004 00000000 2 2 00000000 1 1 0 0 0 0 0 1 1 1
        151 e3a00202 00000000 2 2 00000000 0 1 1 0 0 0 0 1 1 1
        152 e3a00202 00000000 2 2 00000000 1 1 1 0 0 0 0 1 1 1
        153 e3a00202 00000000 2 2 00000000 0 1 0 0 0 0 0 1 1 1
        154 e3a00202 00000000 2 2 00000000 1 1 0 0 0 0 0 1 1 1
        155 e3a00202 00000000 2 2 00000000 0 1 0 0 0 0 0 1 1 1
        156 e3a00202 00000000 2 2 00000000 1 1 0 0 0 0 0 1 1 1
        157 e5812000 00000000 2 2 00000000 0 1 1 0 0 0 0 1 1 1
        158 e5812000 00000000 2 2 00000000 1 1 1 0 0 0 0 1 1 1
        159 e5812000 00000064 2 2 00000000 0 1 0 0 0 0 0 1 1 1
        160 e5812000 00000064 2 2 00000000 1 1 0 0 0 0 0 1 1 1
        161 e5812000 00000064 2 2 00000000 0 1 0 0 0 0 0 1 1 1
        162 e5812000 00000064 2 2 00000000 1 1 0 0 0 0 0 1 1 1
        163 e5812000 00000000 2 2 00000000 0 1 0 0 0 0 0 1 1 1
        164 e5812000 00000000 2 2 00000000 1 1 0 0 0 0 0 1 1 1
        165 e3a02f4b 00000000 2 2 00000000 0 1 1 0 0 0 0 1 1 1
        166 e3a02f4b 00000000 2 2 00000000 1 1 1 0 0 0 0 1 1 1
        167 e3a02f4b 00000000 2 2 00000000 0 1 0 0 0 0 0 1 1 1
        168 e3a02f4b 00000000 2 2 00000000 1 1 0 0 0 0 0 1 1 1
        169 e3a02f4b 00000000 2 2 00000000 0 1 0 0 0 0 0 1 1 1
        170 e3a02f4b 00000000 2 2 00000000 1 1 0 0 0 0 0 1 1 1
        171 e5812004 00000000 2 2 00000000 0 1 1 0 0 0 0 1 1 1
        172 e5812004 00000000 2 2 00000000 1 1 1 0 0 0 0 1 1 1
        173 e5812004 00000000 2 2 00000000 0 1 0 0 0 0 0 1 1 1
        174 e5812004 00000000 2 2 00000000 1 1 0 0 0 0 0 1 1 1
        175 e5812004 00000000 2 2 00000000 0 1 0 0 0 0 0 1 1 1
        176 e5812004 00000000 2 2 00000000 1 1 0 0 0 0 0 1 1 1
        177 e5812004 0000abcd 2 2 00000000 0 1 0 0 0 0 0 1 1 1
        178 e5812004 0000abcd 2 2 00000000 1 1 0 0 0 0 0 1 1 1
        179 e3a0100a 0000abcd 2 2 00000000 0 1 1 0 0 0 0 1 1 1
        180 e3a0100a 0000abcd 2 2 00000000 1 1 1 0 0 0 0 1 1 1
        181 e3a0100a 00000000 2 2 00000000 0 1 0 0 0 0 0 1 1 1
        182 e3a0100a 00000000 2 2 00000000 1 1 0 0 0 0 0 1 1 1
        183 e3a0100a 00000000 2 2 00000000 0 1 0 0 0 0 0 1 1 1
        184 e3a0100a 00000000 2 2 00000000 1 1 0 0 0 0 0 1 1 1
        185 e5801000 00000000 2 2 00000000 0 1 1 0 0 0 0 1 1 1
        186 e5801000 00000000 2 2 00000000 1 1 1 0 0 0 0 1 1 1
        187 e5801000 0000abcd 2 2 00000000 0 1 0 0 0 0 0 1 1 1
        188 e5801000 0000abcd 2 2 00000000 1 1 0 0 0 0 0 1 1 1
        189 e5801000 0000abcd 2 2 00000000 0 1 0 0 0 0 0 1 1 1
        190 e5801000 0000abcd 2 2 00000000 1 1 0 0 0 0 0 1 1 1
        191 e5801000 0000abcd 2 2 00000000 0 1 0 0 0 0 0 1 1 1
        192 e5801000 0000abcd 2 2 00000000 1 1 0 0 0 0 0 1 1 1
        193 e3a02048 0000abcd 2 2 00000000 0 1 1 0 0 0 0 1 1 1
        194 e3a02048 0000abcd 2 2 00000000 1 1 1 0 0 0 0 1 1 1
        195 e3a02048 00000000 2 2 00000000 0 1 0 0 0 0 0 1 1 1
        196 e3a02048 00000000 2 2 00000000 1 1 0 0 0 0 0 1 1 1
        197 e3a02048 00000000 2 2 00000000 0 1 0 0 0 0 0 1 1 1
        198 e3a02048 00000000 2 2 00000000 1 1 0 0 0 0 0 1 1 1
        199 e5802000 00000000 2 2 00000000 0 1 1 0 0 0 0 1 1 1
        200 e5802000 00000000 2 2 00000000 1 1 1 0 0 0 0 1 1 1
        201 e5802000 0000abcd 2 2 00000000 0 1 0 0 0 0 0 1 1 1
        202 e5802000 0000abcd 2 2 00000000 1 1 0 0 0 0 0 1 1 1
        203 e5802000 0000abcd 2 2 00000000 0 1 0 0 0 0 0 1 1 1
        204 e5802000 0000abcd 2 2 00000000 1 1 0 0 0 0 0 1 1 1
        205 e5802000 00000000 2 2 00000000 0 1 0 0 0 0 0 1 1 1
        206 e5802000 00000000 2 2 00000000 1 1 0 0 0 0 0 1 1 1
        207 e3a02065 00000000 2 2 00000000 0 1 1 0 0 0 0 1 1 1
        208 e3a02065 00000000 2 2 00000000 1 1 1 0 0 0 0 1 1 1
        209 e3a02065 00000000 2 2 00000000 0 1 0 0 0 0 0 1 1 1
        210 e3a02065 00000000 2 2 00000000 1 1 0 0 0 0 0 1 1 1
        211 e3a02065 00000000 2 2 00000000 0 1 0 0 0 0 0 1 1 1
        212 e3a02065 00000000 2 2 00000000 1 1 0 0 0 0 0 1 1 1
        213 e5802000 00000000 2 2 00000000 0 1 1 0 0 0 0 1 1 1
        214 e5802000 00000000 2 2 00000000 1 1 1 0 0 0 0 1 1 1
        215 e5802000 00000000 2 2 00000000 0 1 0 0 0 0 0 1 1 1
        216 e5802000 00000000 2 2 00000000 1 1 0 0 0 0 0 1 1 1
        217 e5802000 00000000 2 2 00000000 0 1 0 0 0 0 0 1 1 1
        218 e5802000 00000000 2 2 00000000 1 1 0 0 0 0 0 1 1 1
        219 e5802000 00000000 2 2 00000000 0 1 0 0 0 0 0 1 1 1
        220 e5802000 00000000 2 2 00000000 1 1 0 0 0 0 0 1 1 1
        221 e3a0306c 00000000 2 2 00000000 0 1 1 0 0 0 0 1 1 1
        222 e3a0306c 00000000 2 2 00000000 1 1 1 0 0 0 0 1 1 1
        223 e3a0306c 00000000 2 2 00000000 0 1 0 0 0 0 0 1 1 1
        224 e3a0306c 00000000 2 2 00000000 1 1 0 0 0 0 0 1 1 1
        225 e3a0306c 00000000 2 2 00000000 0 1 0 0 0 0 0 1 1 1
        226 e3a0306c 00000000 2 2 00000000 1 1 0 0 0 0 0 1 1 1
        227 e5803000 00000000 2 2 00000000 0 1 1 0 0 0 0 1 1 1
        228 e5803000 00000000 2 2 00000000 1 1 1 0 0 0 0 1 1 1
        229 e5803000 00000000 2 2 00000000 0 1 0 0 0 0 0 1 1 1
        230 e5803000 00000000 2 2 00000000 1 1 0 0 0 0 0 1 1 1
        231 e5803000 00000000 2 2 00000000 0 1 0 0 0 0 0 1 1 1
        232 e5803000 00000000 2 2 00000000 1 1 0 0 0 0 0 1 1 1
        233 e5803000 00000000 2 2 00000000 0 1 0 0 0 0 0 1 1 1
        234 e5803000 00000000 2 2 00000000 1 1 0 0 0 0 0 1 1 1
        235 e5803000 00000000 2 2 00000000 0 1 1 0 0 0 0 1 1 1
        236 e5803000 00000000 2 2 00000000 1 1 1 0 0 0 0 1 1 1
        237 e5803000 00000000 2 2 00000000 0 1 0 0 0 0 0 1 1 1
        238 e5803000 00000000 2 2 00000000 1 1 0 0 0 0 0 1 1 1
        239 e5803000 00000000 2 2 00000000 0 1 0 0 0 0 0 1 1 1
        240 e5803000 00000000 2 2 00000000 1 1 0 0 0 0 0 1 1 1
        241 e3a0306f 00000000 2 2 00000000 0 1 1 0 0 0 0 1 1 1
        242 e3a0306f 00000000 2 2 00000000 1 1 1 0 0 0 0 1 1 1
        243 e3a0306f 00000000 2 2 00000000 0 1 0 0 0 0 0 1 1 1
        244 e3a0306f 00000000 2 2 00000000 1 1 0 0 0 0 0 1 1 1
        245 e3a0306f 00000000 2 2 00000000 0 1 0 0 0 0 0 1 1 1
        246 e3a0306f 00000000 2 2 00000000 1 1 0 0 0 0 0 1 1 1
        247 e3a0306f 00000000 2 2 00000000 0 1 0 0 0 0 0 1 1 1
        248 e3a0306f 00000000 2 2 00000000 1 1 0 0 0 0 0 1 1 1
        249 e5803000 00000000 2 2 00000000 0 1 1 0 0 0 0 1 1 1
        250 e5803000 00000000 2 2 00000000 1 1 1 0 0 0 0 1 1 1
        251 e5803000 00000000 2 2 00000000 0 1 0 0 0 0 0 1 1 1
        252 e5803000 00000000 2 2 00000000 1 1 0 0 0 0 0 1 1 1
        253 e5803000 00000000 2 2 00000000 0 1 0 0 0 0 0 1 1 1
        254 e5803000 00000000 2 2 00000000 1 1 0 0 0 0 0 1 1 1
        255 e5803000 00000000 2 2 00000000 0 1 0 0 0 0 0 1 1 1
        256 e5803000 00000000 2 2 00000000 1 1 0 0 0 0 0 1 1 1
        257 e3a03009 00000000 2 2 00000000 0 1 1 0 0 0 0 1 1 1
        258 e3a03009 00000000 2 2 00000000 1 1 1 0 0 0 0 1 1 1
        259 e3a03009 00000000 2 2 00000000 0 1 0 0 0 0 0 1 1 1
        260 e3a03009 00000000 2 2 00000000 1 1 0 0 0 0 0 1 1 1
        261 e3a03009 00000000 2 2 00000000 0 1 0 0 0 0 0 1 1 1
        262 e3a03009 00000000 2 2 00000000 1 1 0 0 0 0 0 1 1 1
        263 e5803000 00000000 2 2 00000000 0 1 1 0 0 0 0 1 1 1
        264 e5803000 00000000 2 2 00000000 1 1 1 0 0 0 0 1 1 1
        265 e5803000 00000000 2 2 00000000 0 1 0 0 0 0 0 1 1 1
        266 e5803000 00000000 2 2 00000000 1 1 0 0 0 0 0 1 1 1
        267 e5803000 00000000 2 2 00000000 0 1 0 0 0 0 0 1 1 1
        268 e5803000 00000000 2 2 00000000 1 1 0 0 0 0 0 1 1 1
        269 e5803000 00000000 2 2 00000000 0 1 0 0 0 0 0 1 1 1
        270 e5803000 00000000 2 2 00000000 1 1 0 0 0 0 0 1 1 1
        271 e3a0c045 00000000 2 2 00000000 0 1 1 0 0 0 0 1 1 1
        272 e3a0c045 00000000 2 2 00000000 1 1 1 0 0 0 0 1 1 1
        273 e3a0c045 00000000 2 2 00000000 0 1 0 0 0 0 0 1 1 1
        274 e3a0c045 00000000 2 2 00000000 1 1 0 0 0 0 0 1 1 1
        275 e3a0c045 00000000 2 2 00000000 0 1 0 0 0 0 0 1 1 1
        276 e3a0c045 00000000 2 2 00000000 1 1 0 0 0 0 0 1 1 1
        277 e580c000 00000000 2 2 00000000 0 1 1 0 0 0 0 1 1 1
        278 e580c000 00000000 2 2 00000000 1 1 1 0 0 0 0 1 1 1
        279 e580c000 00000000 2 2 00000000 0 1 0 0 0 0 0 1 1 1
        280 e580c000 00000000 2 2 00000000 1 1 0 0 0 0 0 1 1 1
        281 e580c000 00000000 2 2 00000000 0 1 0 0 0 0 0 1 1 1
        282 e580c000 00000000 2 2 00000000 1 1 0 0 0 0 0 1 1 1
        283 e580c000 00000000 2 2 00000000 0 1 0 0 0 0 0 1 1 1
        284 e580c000 00000000 2 2 00000000 1 1 0 0 0 0 0 1 1 1
        285 e3a0c041 00000000 2 2 00000000 0 1 1 0 0 0 0 1 1 1
        286 e3a0c041 00000000 2 2 00000000 1 1 1 0 0 0 0 1 1 1
        287 e3a0c041 00000000 2 2 00000000 0 1 0 0 0 0 0 1 1 1
        288 e3a0c041 00000000 2 2 00000000 1 1 0 0 0 0 0 1 1 1
        289 e3a0c041 00000000 2 2 00000000 0 1 0 0 0 0 0 1 1 1
        290 e3a0c041 00000000 2 2 00000000 1 1 0 0 0 0 0 1 1 1
        291 e580c000 00000000 2 2 00000000 0 1 1 0 0 0 0 1 1 1
        292 e580c000 00000000 2 2 00000000 1 1 1 0 0 0 0 1 1 1
        293 e580c000 00000000 2 2 00000000 0 1 0 0 0 0 0 1 1 1
        294 e580c000 00000000 2 2 00000000 1 1 0 0 0 0 0 1 1 1
        295 e580c000 00000000 2 2 00000000 0 1 0 0 0 0 0 1 1 1
        296 e580c000 00000000 2 2 00000000 1 1 0 0 0 0 0 1 1 1
        297 e580c000 00000000 2 2 00000000 0 1 0 0 0 0 0 1 1 1
        298 e580c000 00000000 2 2 00000000 1 1 0 0 0 0 0 1 1 1
        299 e3a0c053 00000000 2 2 00000000 0 1 1 0 0 0 0 1 1 1
        300 e3a0c053 00000000 2 2 00000000 1 1 1 0 0 0 0 1 1 1
        301 e3a0c053 00000000 2 2 00000000 0 1 0 0 0 0 0 1 1 1
        302 e3a0c053 00000000 2 2 00000000 1 1 0 0 0 0 0 1 1 1
        303 e3a0c053 00000000 2 2 00000000 0 1 0 0 0 0 0 1 1 1
        304 e3a0c053 00000000 2 2 00000000 1 1 0 0 0 0 0 1 1 1
        305 e580c000 00000000 2 2 00000000 0 1 1 0 0 0 0 1 1 1
        306 e580c000 00000000 2 2 00000000 1 1 1 0 0 0 0 1 1 1
        307 e580c000 00000000 2 2 00000000 0 1 0 0 0 0 0 1 1 1
        308 e580c000 00000000 2 2 00000000 1 1 0 0 0 0 0 1 1 1
        309 e580c000 00000000 2 2 00000000 0 1 0 0 0 0 0 1 1 1
        310 e580c000 00000000 2 2 00000000 1 1 0 0 0 0 0 1 1 1
        311 e580c000 00000000 2 2 00000000 0 1 0 0 0 0 0 1 1 1
        312 e580c000 00000000 2 2 00000000 1 1 0 0 0 0 0 1 1 1
        313 e3a0c059 00000000 2 2 00000000 0 1 1 0 0 0 0 1 1 1
        314 e3a0c059 00000000 2 2 00000000 1 1 1 0 0 0 0 1 1 1
        315 e3a0c059 00000000 2 2 00000000 0 1 0 0 0 0 0 1 1 1
        316 e3a0c059 00000000 2 2 00000000 1 1 0 0 0 0 0 1 1 1
        317 e3a0c059 00000000 2 2 00000000 0 1 0 0 0 0 0 1 1 1
        318 e3a0c059 00000000 2 2 00000000 1 1 0 0 0 0 0 1 1 1
        319 e580c000 00000000 2 2 00000000 0 1 1 0 0 0 0 1 1 1
        320 e580c000 00000000 2 2 00000000 1 1 1 0 0 0 0 1 1 1
        321 e580c000 00000000 2 2 00000000 0 1 0 0 0 0 0 1 1 1
        322 e580c000 00000000 2 2 00000000 1 1 0 0 0 0 0 1 1 1
        323 e580c000 00000000 2 2 00000000 0 1 0 0 0 0 0 1 1 1
        324 e580c000 00000000 2 2 00000000 1 1 0 0 0 0 0 1 1 1
        325 e580c000 00000000 2 2 00000000 0 1 0 0 0 0 0 1 1 1
        326 e580c000 00000000 2 2 00000000 1 1 0 0 0 0 0 1 1 1
        327 e3a0c021 00000000 2 2 00000000 0 1 1 0 0 0 0 1 1 1
        328 e3a0c021 00000000 2 2 00000000 1 1 1 0 0 0 0 1 1 1
        329 e3a0c021 00000000 2 2 00000000 0 1 0 0 0 0 0 1 1 1
        330 e3a0c021 00000000 2 2 00000000 1 1 0 0 0 0 0 1 1 1
        331 e3a0c021 00000000 2 2 00000000 0 1 0 0 0 0 0 1 1 1
        332 e3a0c021 00000000 2 2 00000000 1 1 0 0 0 0 0 1 1 1
        333 e580c000 00000000 2 2 00000000 0 1 1 0 0 0 0 1 1 1
        334 e580c000 00000000 2 2 00000000 1 1 1 0 0 0 0 1 1 1
        335 e580c000 00000000 2 2 00000000 0 1 0 0 0 0 0 1 1 1
        336 e580c000 00000000 2 2 00000000 1 1 0 0 0 0 0 1 1 1
        337 e580c000 00000000 2 2 00000000 0 1 0 0 0 0 0 1 1 1
        338 e580c000 00000000 2 2 00000000 1 1 0 0 0 0 0 1 1 1
        339 e580c000 00000000 2 2 00000000 0 1 0 0 0 0 0 1 1 1
        340 e580c000 00000000 2 2 00000000 1 1 0 0 0 0 0 1 1 1
        341 e5801000 00000000 2 2 00000000 0 1 1 0 0 0 0 1 1 1
        342 e5801000 00000000 2 2 00000000 1 1 1 0 0 0 0 1 1 1
        343 e5801000 00000000 2 2 00000000 0 1 0 0 0 0 0 1 1 1
        344 e5801000 00000000 2 2 00000000 1 1 0 0 0 0 0 1 1 1
        345 e5801000 00000000 2 2 00000000 0 1 0 0 0 0 0 1 1 1
        346 e5801000 00000000 2 2 00000000 1 1 0 0 0 0 0 1 1 1
        347 e3a0e054 00000000 2 2 00000000 0 1 1 0 0 0 0 1 1 1
        348 e3a0e054 00000000 2 2 00000000 1 1 1 0 0 0 0 1 1 1
        349 e3a0e054 00000000 2 2 00000000 0 1 0 0 0 0 0 1 1 1
        350 e3a0e054 00000000 2 2 00000000 1 1 0 0 0 0 0 1 1 1
        351 e3a0e054 00000000 2 2 00000000 0 1 0 0 0 0 0 1 1 1
        352 e3a0e054 00000000 2 2 00000000 1 1 0 0 0 0 0 1 1 1
        353 e3a0e054 00000000 2 2 00000000 0 1 0 0 0 0 0 1 1 1
        354 e3a0e054 00000000 2 2 00000000 1 1 0 0 0 0 0 1 1 1
        355 e580e000 00000000 2 2 00000000 0 1 1 0 0 0 0 1 1 1
        356 e580e000 00000000 2 2 00000000 1 1 1 0 0 0 0 1 1 1
        357 e580e000 00000000 2 2 00000000 0 1 0 0 0 0 0 1 1 1
        358 e580e000 00000000 2 2 00000000 1 1 0 0 0 0 0 1 1 1
        359 e580e000 00000000 2 2 00000000 0 1 0 0 0 0 0 1 1 1
        360 e580e000 00000000 2 2 00000000 1 1 0 0 0 0 0 1 1 1
        361 e580e000 00000000 2 2 00000000 0 1 0 0 0 0 0 1 1 1
        362 e580e000 00000000 2 2 00000000 1 1 0 0 0 0 0 1 1 1
        363 e3a0e069 00000000 2 2 00000000 0 1 1 0 0 0 0 1 1 1
        364 e3a0e069 00000000 2 2 00000000 1 1 1 0 0 0 0 1 1 1
        365 e3a0e069 00000000 2 2 00000000 0 1 0 0 0 0 0 1 1 1
        366 e3a0e069 00000000 2 2 00000000 1 1 0 0 0 0 0 1 1 1
        367 e3a0e069 00000000 2 2 00000000 0 1 0 0 0 0 0 1 1 1
        368 e3a0e069 00000000 2 2 00000000 1 1 0 0 0 0 0 1 1 1
        369 e580e000 00000000 2 2 00000000 0 1 1 0 0 0 0 1 1 1
        370 e580e000 00000000 2 2 00000000 1 1 1 0 0 0 0 1 1 1
        371 e580e000 00000000 2 2 00000000 0 1 0 0 0 0 0 1 1 1
        372 e580e000 00000000 2 2 00000000 1 1 0 0 0 0 0 1 1 1
        373 e580e000 00000000 2 2 00000000 0 1 0 0 0 0 0 1 1 1
        374 e580e000 00000000 2 2 00000000 1 1 0 0 0 0 0 1 1 1
        375 e580e000 00000000 2 2 00000000 0 1 0 0 0 0 0 1 1 1
        376 e580e000 00000000 2 2 00000000 1 1 0 0 0 0 0 1 1 1
        377 e3a0e06d 00000000 2 2 00000000 0 1 1 0 0 0 0 1 1 1
        378 e3a0e06d 00000000 2 2 00000000 1 1 1 0 0 0 0 1 1 1
        379 e3a0e06d 00000000 2 2 00000000 0 1 0 0 0 0 0 1 1 1
        380 e3a0e06d 00000000 2 2 00000000 1 1 0 0 0 0 0 1 1 1
        381 e3a0e06d 00000000 2 2 00000000 0 1 0 0 0 0 0 1 1 1
        382 e3a0e06d 00000000 2 2 00000000 1 1 0 0 0 0 0 1 1 1
        383 e580e000 00000000 2 2 00000000 0 1 1 0 0 0 0 1 1 1
        384 e580e000 00000000 2 2 00000000 1 1 1 0 0 0 0 1 1 1
        385 e580e000 00000000 2 2 00000000 0 1 0 0 0 0 0 1 1 1
        386 e580e000 00000000 2 2 00000000 1 1 0 0 0 0 0 1 1 1
        387 e580e000 00000000 2 2 00000000 0 1 0 0 0 0 0 1 1 1
        388 e580e000 00000000 2 2 00000000 1 1 0 0 0 0 0 1 1 1
        389 e580e000 00000000 2 2 00000000 0 1 0 0 0 0 0 1 1 1
        390 e580e000 00000000 2 2 00000000 1 1 0 0 0 0 0 1 1 1
        391 e5802000 00000000 2 2 00000000 0 1 1 0 0 0 0 1 1 1
        392 e5802000 00000000 2 2 00000000 1 1 1 0 0 0 0 1 1 1
        393 e5802000 00000000 2 2 00000000 0 1 0 0 0 0 0 1 1 1
        394 e5802000 00000000 2 2 00000000 1 1 0 0 0 0 0 1 1 1
        395 e5802000 00000000 2 2 00000000 0 1 0 0 0 0 0 1 1 1
        396 e5802000 00000000 2 2 00000000 1 1 0 0 0 0 0 1 1 1
        397 e3a0e072 00000000 2 2 00000000 0 1 1 0 0 0 0 1 1 1
        398 e3a0e072 00000000 2 2 00000000 1 1 1 0 0 0 0 1 1 1
        399 e3a0e072 00000000 2 2 00000000 0 1 0 0 0 0 0 1 1 1
        400 e3a0e072 00000000 2 2 00000000 1 1 0 0 0 0 0 1 1 1
        401 e3a0e072 00000000 2 2 00000000 0 1 0 0 0 0 0 1 1 1
        402 e3a0e072 00000000 2 2 00000000 1 1 0 0 0 0 0 1 1 1
        403 e3a0e072 00000000 2 2 00000000 0 1 0 0 0 0 0 1 1 1
        404 e3a0e072 00000000 2 2 00000000 1 1 0 0 0 0 0 1 1 1
        405 e580e000 00000000 2 2 00000000 0 1 1 0 0 0 0 1 1 1
        406 e580e000 00000000 2 2 00000000 1 1 1 0 0 0 0 1 1 1
        407 e580e000 00000000 2 2 00000000 0 1 0 0 0 0 0 1 1 1
        408 e580e000 00000000 2 2 00000000 1 1 0 0 0 0 0 1 1 1
        409 e580e000 00000000 2 2 00000000 0 1 0 0 0 0 0 1 1 1
        410 e580e000 00000000 2 2 00000000 1 1 0 0 0 0 0 1 1 1
        411 e580e000 00000000 2 2 00000000 0 1 0 0 0 0 0 1 1 1
        412 e580e000 00000000 2 2 00000000 1 1 0 0 0 0 0 1 1 1
        413 e5803000 00000000 2 2 00000000 0 1 1 0 0 0 0 1 1 1
        414 e5803000 00000000 2 2 00000000 1 1 1 0 0 0 0 1 1 1
        415 e5803000 00000000 2 2 00000000 0 1 0 0 0 0 0 1 1 1
        416 e5803000 00000000 2 2 00000000 1 1 0 0 0 0 0 1 1 1
        417 e5803000 00000000 2 2 00000000 0 1 0 0 0 0 0 1 1 1
        418 e5803000 00000000 2 2 00000000 1 1 0 0 0 0 0 1 1 1
        419 e3a03057 00000000 2 2 00000000 0 1 1 0 0 0 0 1 1 1
        420 e3a03057 00000000 2 2 00000000 1 1 1 0 0 0 0 1 1 1
        421 e3a03057 00000000 2 2 00000000 0 1 0 0 0 0 0 1 1 1
        422 e3a03057 00000000 2 2 00000000 1 1 0 0 0 0 0 1 1 1
        423 e3a03057 00000000 2 2 00000000 0 1 0 0 0 0 0 1 1 1
        424 e3a03057 00000000 2 2 00000000 1 1 0 0 0 0 0 1 1 1
        425 e3a03057 00000000 2 2 00000000 0 1 0 0 0 0 0 1 1 1
        426 e3a03057 00000000 2 2 00000000 1 1 0 0 0 0 0 1 1 1
        427 e5803000 00000000 2 2 00000000 0 1 1 0 0 0 0 1 1 1
        428 e5803000 00000000 2 2 00000000 1 1 1 0 0 0 0 1 1 1
        429 e5803000 00000000 2 2 00000000 0 1 0 0 0 0 0 1 1 1
        430 e5803000 00000000 2 2 00000000 1 1 0 0 0 0 0 1 1 1
        431 e5803000 00000000 2 2 00000000 0 1 0 0 0 0 0 1 1 1
        432 e5803000 00000000 2 2 00000000 1 1 0 0 0 0 0 1 1 1
        433 e5803000 00000000 2 2 00000000 0 1 0 0 0 0 0 1 1 1
        434 e5803000 00000000 2 2 00000000 1 1 0 0 0 0 0 1 1 1
        435 e3a03061 00000000 2 2 00000000 0 1 1 0 0 0 0 1 1 1
        436 e3a03061 00000000 2 2 00000000 1 1 1 0 0 0 0 1 1 1
        437 e3a03061 00000000 2 2 00000000 0 1 0 0 0 0 0 1 1 1
        438 e3a03061 00000000 2 2 00000000 1 1 0 0 0 0 0 1 1 1
        439 e3a03061 00000000 2 2 00000000 0 1 0 0 0 0 0 1 1 1
        440 e3a03061 00000000 2 2 00000000 1 1 0 0 0 0 0 1 1 1
        441 e5803000 00000000 2 2 00000000 0 1 1 0 0 0 0 1 1 1
        442 e5803000 00000000 2 2 00000000 1 1 1 0 0 0 0 1 1 1
        443 e5803000 00000000 2 2 00000000 0 1 0 0 0 0 0 1 1 1
        444 e5803000 00000000 2 2 00000000 1 1 0 0 0 0 0 1 1 1
        445 e5803000 00000000 2 2 00000000 0 1 0 0 0 0 0 1 1 1
        446 e5803000 00000000 2 2 00000000 1 1 0 0 0 0 0 1 1 1
        447 e5803000 00000000 2 2 00000000 0 1 0 0 0 0 0 1 1 1
        448 e5803000 00000000 2 2 00000000 1 1 0 0 0 0 0 1 1 1
        449 e3a0306b 00000000 2 2 00000000 0 1 1 0 0 0 0 1 1 1
        450 e3a0306b 00000000 2 2 00000000 1 1 1 0 0 0 0 1 1 1
        451 e3a0306b 00000000 2 2 00000000 0 1 0 0 0 0 0 1 1 1
        452 e3a0306b 00000000 2 2 00000000 1 1 0 0 0 0 0 1 1 1
        453 e3a0306b 00000000 2 2 00000000 0 1 0 0 0 0 0 1 1 1
        454 e3a0306b 00000000 2 2 00000000 1 1 0 0 0 0 0 1 1 1
        455 e5803000 00000000 2 2 00000000 0 1 1 0 0 0 0 1 1 1
        456 e5803000 00000000 2 2 00000000 1 1 1 0 0 0 0 1 1 1
        457 e5803000 00000000 2 2 00000000 0 1 0 0 0 0 0 1 1 1
        458 e5803000 00000000 2 2 00000000 1 1 0 0 0 0 0 1 1 1
        459 e5803000 00000000 2 2 00000000 0 1 0 0 0 0 0 1 1 1
        460 e5803000 00000000 2 2 00000000 1 1 0 0 0 0 0 1 1 1
        461 e5803000 00000000 2 2 00000000 0 1 0 0 0 0 0 1 1 1
        462 e5803000 00000000 2 2 00000000 1 1 0 0 0 0 0 1 1 1
        463 e5802000 00000000 2 2 00000000 0 1 1 0 0 0 0 1 1 1
        464 e5802000 00000000 2 2 00000000 1 1 1 0 0 0 0 1 1 1
        465 e5802000 00000000 2 2 00000000 0 1 0 0 0 0 0 1 1 1
        466 e5802000 00000000 2 2 00000000 1 1 0 0 0 0 0 1 1 1
        467 e5802000 00000000 2 2 00000000 0 1 0 0 0 0 0 1 1 1
        468 e5802000 00000000 2 2 00000000 1 1 0 0 0 0 0 1 1 1
        469 e3a02055 00000000 2 2 00000000 0 1 1 0 0 0 0 1 1 1
        470 e3a02055 00000000 2 2 00000000 1 1 1 0 0 0 0 1 1 1
        471 e3a02055 00000000 2 2 00000000 0 1 0 0 0 0 0 1 1 1
        472 e3a02055 00000000 2 2 00000000 1 1 0 0 0 0 0 1 1 1
        473 e3a02055 00000000 2 2 00000000 0 1 0 0 0 0 0 1 1 1
        474 e3a02055 00000000 2 2 00000000 1 1 0 0 0 0 0 1 1 1
        475 e3a02055 00000000 2 2 00000000 0 1 0 0 0 0 0 1 1 1
        476 e3a02055 00000000 2 2 00000000 1 1 0 0 0 0 0 1 1 1
        477 e5802000 00000000 2 2 00000000 0 1 1 0 0 0 0 1 1 1
        478 e5802000 00000000 2 2 00000000 1 1 1 0 0 0 0 1 1 1
        479 e5802000 00000000 2 2 00000000 0 1 0 0 0 0 0 1 1 1
        480 e5802000 00000000 2 2 00000000 1 1 0 0 0 0 0 1 1 1
        481 e5802000 00000000 2 2 00000000 0 1 0 0 0 0 0 1 1 1
        482 e5802000 00000000 2 2 00000000 1 1 0 0 0 0 0 1 1 1
        483 e5802000 00000000 2 2 00000000 0 1 0 0 0 0 0 1 1 1
        484 e5802000 00000000 2 2 00000000 1 1 0 0 0 0 0 1 1 1
        485 e3a02070 00000000 2 2 00000000 0 1 1 0 0 0 0 1 1 1
        486 e3a02070 00000000 2 2 00000000 1 1 1 0 0 0 0 1 1 1
        487 e3a02070 00000000 2 2 00000000 0 1 0 0 0 0 0 1 1 1
        488 e3a02070 00000000 2 2 00000000 1 1 0 0 0 0 0 1 1 1
        489 e3a02070 00000000 2 2 00000000 0 1 0 0 0 0 0 1 1 1
        490 e3a02070 00000000 2 2 00000000 1 1 0 0 0 0 0 1 1 1
        491 e5802000 00000000 2 2 00000000 0 1 1 0 0 0 0 1 1 1
        492 e5802000 00000000 2 2 00000000 1 1 1 0 0 0 0 1 1 1
        493 e5802000 00000000 2 2 00000000 0 1 0 0 0 0 0 1 1 1
        494 e5802000 00000000 2 2 00000000 1 1 0 0 0 0 0 1 1 1
        495 e5802000 00000000 2 2 00000000 0 1 0 0 0 0 0 1 1 1
        496 e5802000 00000000 2 2 00000000 1 1 0 0 0 0 0 1 1 1
        497 e5802000 00000000 2 2 00000000 0 1 0 0 0 0 0 1 1 1
        498 e5802000 00000000 2 2 00000000 1 1 0 0 0 0 0 1 1 1
        499 e580c000 00000000 2 2 00000000 0 1 1 0 0 0 0 1 1 1
        500 e580c000 00000000 2 2 00000000 1 1 1 0 0 0 0 1 1 1
        501 e580c000 00000000 2 2 00000000 0 1 0 0 0 0 0 1 1 1
        502 e580c000 00000000 2 2 00000000 1 1 0 0 0 0 0 1 1 1
        503 e580c000 00000000 2 2 00000000 0 1 0 0 0 0 0 1 1 1
        504 e580c000 00000000 2 2 00000000 1 1 0 0 0 0 0 1 1 1
        505 e5801000 00000000 2 2 00000000 0 1 1 0 0 0 0 1 1 1
        506 e5801000 00000000 2 2 00000000 1 1 1 0 0 0 0 1 1 1
        507 e5801000 00000000 2 2 00000000 0 1 0 0 0 0 0 1 1 1
        508 e5801000 00000000 2 2 00000000 1 1 0 0 0 0 0 1 1 1
        509 e5801000 00000000 2 2 00000000 0 1 0 0 0 0 0 1 1 1
        510 e5801000 00000000 2 2 00000000 1 1 0 0 0 0 0 1 1 1
        511 e5801000 00000000 2 2 00000000 0 1 0 0 0 0 0 1 1 1
        512 e5801000 00000000 2 2 00000000 1 1 0 0 0 0 0 1 1 1
        513 eafffffe 00000000 2 2 00000000 0 1 1 0 0 0 0 1 1 1
        514 eafffffe 00000000 2 2 00000000 1 1 1 0 0 0 0 1 1 1
        515 eafffffe 00000000 2 2 00000000 0 1 0 0 0 0 0 1 1 1
        516 eafffffe 00000000 2 2 00000000 1 1 0 0 0 0 0 1 1 1
        517 eafffffe 00000000 2 2 00000000 0 1 0 0 0 0 0 1 1 1
        518 eafffffe 00000000 2 2 00000000 1 1 0 0 0 0 0 1 1 1
        519 eafffffe 00000000 2 2 00000000 0 1 0 0 0 0 0 1 1 1
        520 eafffffe 00000000 2 2 00000000 1 1 0 0 0 0 0 1 1 1
        521 e92d503f 00000000 2 2 00000000 0 1 1 0 0 0 0 1 1 1
        522 e92d503f 00000000 2 2 00000000 1 1 1 0 0 0 0 1 1 1
        523 e92d503f 00000000 2 2 00000000 0 1 0 0 0 0 0 1 1 1
        524 e92d503f 00000000 2 2 00000000 1 1 0 0 0 0 0 1 1 1
        525 e92d503f 00000000 2 2 00000000 0 1 0 0 0 0 0 1 1 1
        526 e92d503f 00000000 2 2 00000000 1 1 0 0 0 0 0 1 1 1
        527 e92d503f 00000000 2 2 00000000 0 1 0 0 0 0 0 1 1 1
        528 e92d503f 00000000 2 2 00000000 1 1 0 0 0 0 0 1 1 1
        529 e3a00202 00000000 2 2 00000000 0 1 1 0 0 0 0 1 1 1
        530 e3a00202 00000000 2 2 00000000 1 1 1 0 0 0 0 1 1 1
        531 e3a00202 00000000 2 2 00000000 0 1 0 0 0 0 0 1 1 1
        532 e3a00202 00000000 2 2 00000000 1 1 0 0 0 0 0 1 1 1
        533 e3a00202 00000000 2 2 00000000 0 1 0 0 0 0 0 1 1 1
        534 e3a00202 00000000 2 2 00000000 1 1 0 0 0 0 0 1 1 1
        535 e3a02049 00000000 2 2 00000000 0 1 1 0 0 0 0 1 1 1
        536 e3a02049 00000000 2 2 00000000 1 1 1 0 0 0 0 1 1 1
        537 e3a02049 00000000 2 2 00000000 0 1 0 0 0 0 0 1 1 1
        538 e3a02049 00000000 2 2 00000000 1 1 0 0 0 0 0 1 1 1
        539 e3a02049 00000000 2 2 00000000 0 1 0 0 0 0 0 1 1 1
        540 e3a02049 00000000 2 2 00000000 1 1 0 0 0 0 0 1 1 1
        541 eafffffe 00000000 2 2 00000000 0 1 1 0 0 0 0 1 1 1
        542 eafffffe 00000000 2 2 00000000 1 1 1 0 0 0 0 1 1 1
        543 eafffffe 00000000 2 2 00000000 0 1 0 0 0 0 0 1 1 1
        544 eafffffe 00000000 2 2 00000000 1 1 0 0 0 0 0 1 1 1
        545 eafffffe 00000000 2 2 00000000 0 1 0 0 0 0 0 1 1 1
        546 eafffffe 00000000 2 2 00000000 1 1 0 0 0 0 0 1 1 1
        547 e92d503f 00000000 2 2 00000000 0 1 1 0 0 0 0 1 1 1
        548 e92d503f 00000000 2 2 00000000 1 1 1 0 0 0 0 1 1 1
        549 e92d503f 00000000 2 2 00000000 0 1 0 0 0 0 0 1 1 1
        550 e92d503f 00000000 2 2 00000000 1 1 0 0 0 0 0 1 1 1
        551 e92d503f 00000000 2 2 00000000 0 1 0 0 0 0 0 1 1 1
        552 e92d503f 00000000 2 2 00000000 1 1 0 0 0 0 0 1 1 1
        553 e3a00202 00000000 2 2 00000000 0 1 1 0 0 0 0 1 1 1
        554 e3a00202 00000000 2 2 00000000 1 1 1 0 0 0 0 1 1 1
        555 e3a00202 00000000 2 2 00000000 0 1 0 0 0 0 0 1 1 1
        556 e3a00202 00000000 2 2 00000000 1 1 0 0 0 0 0 1 1 1
        557 e3a00202 00000000 2 2 00000000 0 1 0 0 0 0 0 1 1 1
        558 e3a00202 00000000 2 2 00000000 1 1 0 0 0 0 0 1 1 1
        559 e3a02049 00000000 2 2 00000000 0 1 1 0 0 0 0 1 1 1
        560 e3a02049 00000000 2 2 00000000 1 1 1 0 0 0 0 1 1 1
        561 e3a02049 00000000 2 2 00000000 0 1 0 0 0 0 0 1 1 1
        562 e3a02049 00000000 2 2 00000000 1 1 0 0 0 0 0 1 1 1
        563 e3a02049 00000000 2 2 00000000 0 1 0 0 0 0 0 1 1 1
        564 e3a02049 00000000 2 2 00000000 1 1 0 0 0 0 0 1 1 1
        565 eafffffe 00000000 2 2 00000000 0 1 1 0 0 0 0 1 1 1
        566 eafffffe 00000000 2 2 00000000 1 1 1 0 0 0 0 1 1 1
        567 eafffffe 00000000 2 2 00000000 0 1 0 0 0 0 0 1 1 1
        568 eafffffe 00000000 2 2 00000000 1 1 0 0 0 0 0 1 1 1
        569 eafffffe 00000000 2 2 00000000 0 1 0 0 0 0 0 1 1 1
        570 eafffffe 00000000 2 2 00000000 1 1 0 0 0 0 0 1 1 1
        571 e92d503f 00000000 2 2 00000000 0 1 1 0 0 0 0 1 1 1
        572 e92d503f 00000000 2 2 00000000 1 1 1 0 0 0 0 1 1 1
        573 e92d503f 00000000 2 2 00000000 0 1 0 0 0 0 0 1 1 1
        574 e92d503f 00000000 2 2 00000000 1 1 0 0 0 0 0 1 1 1
        575 e92d503f 00000000 2 2 00000000 0 1 0 0 0 0 0 1 1 1
        576 e92d503f 00000000 2 2 00000000 1 1 0 0 0 0 0 1 1 1
        577 e3a00202 00000000 2 2 00000000 0 1 1 0 0 0 0 1 1 1
        578 e3a00202 00000000 2 2 00000000 1 1 1 0 0 0 0 1 1 1
        579 e3a00202 00000000 2 2 00000000 0 1 0 0 0 0 0 1 1 1
        580 e3a00202 00000000 2 2 00000000 1 1 0 0 0 0 0 1 1 1
        581 e3a00202 00000000 2 2 00000000 0 1 0 0 0 0 0 1 1 1
        582 e3a00202 00000000 2 2 00000000 1 1 0 0 0 0 0 1 1 1
        583 e3a02049 00000000 2 2 00000000 0 1 1 0 0 0 0 1 1 1
        584 e3a02049 00000000 2 2 00000000 1 1 1 0 0 0 0 1 1 1
        585 e3a02049 00000000 2 2 00000000 0 1 0 0 0 0 0 1 1 1
        586 e3a02049 00000000 2 2 00000000 1 1 0 0 0 0 0 1 1 1
        587 e3a02049 00000000 2 2 00000000 0 1 0 0 0 0 0 1 1 1
        588 e3a02049 00000000 2 2 00000000 1 1 0 0 0 0 0 1 1 1
        589 eafffffe 00000000 2 2 00000000 0 1 1 0 0 0 0 1 1 1
        590 eafffffe 00000000 2 2 00000000 1 1 1 0 0 0 0 1 1 1
        591 eafffffe 00000000 2 2 00000000 0 1 0 0 0 0 0 1 1 1
        592 eafffffe 00000000 2 2 00000000 1 1 0 0 0 0 0 1 1 1
        593 eafffffe 00000000 2 2 00000000 0 1 0 0 0 0 0 1 1 1
        594 eafffffe 00000000 2 2 00000000 1 1 0 0 0 0 0 1 1 1
        595 e92d503f 00000000 2 2 00000000 0 1 1 0 0 0 0 1 1 1
        596 e92d503f 00000000 2 2 00000000 1 1 1 0 0 0 0 1 1 1
        597 e92d503f 00000000 2 2 00000000 0 1 0 0 0 0 0 1 1 1
        598 e92d503f 00000000 2 2 00000000 1 1 0 0 0 0 0 1 1 1
        599 e92d503f 00000000 2 2 00000000 0 1 0 0 0 0 0 1 1 1
        600 e92d503f 00000000 2 2 00000000 1 1 0 0 0 0 0 1 1 1
        601 e3a00202 00000000 2 2 00000000 0 1 1 0 0 0 0 1 1 1
        602 e3a00202 00000000 2 2 00000000 1 1 1 0 0 0 0 1 1 1
        603 e3a00202 00000000 2 2 00000000 0 1 0 0 0 0 0 1 1 1
        604 e3a00202 00000000 2 2 00000000 1 1 0 0 0 0 0 1 1 1
        605 e3a00202 00000000 2 2 00000000 0 1 0 0 0 0 0 1 1 1
        606 e3a00202 00000000 2 2 00000000 1 1 0 0 0 0 0 1 1 1
        607 e3a02049 00000000 2 2 00000000 0 1 1 0 0 0 0 1 1 1
        608 e3a02049 00000000 2 2 00000000 1 1 1 0 0 0 0 1 1 1
        609 e3a02049 00000000 2 2 00000000 0 1 0 0 0 0 0 1 1 1
        610 e3a02049 00000000 2 2 00000000 1 1 0 0 0 0 0 1 1 1
        611 e3a02049 00000000 2 2 00000000 0 1 0 0 0 0 0 1 1 1
        612 e3a02049 00000000 2 2 00000000 1 1 0 0 0 0 0 1 1 1
        613 eafffffe 00000000 2 2 00000000 0 1 1 0 0 0 0 1 1 1
        614 eafffffe 00000000 2 2 00000000 1 1 1 0 0 0 0 1 1 1
        615 eafffffe 00000000 2 2 00000000 0 1 0 0 0 0 0 1 1 1
        616 eafffffe 00000000 2 2 00000000 1 1 0 0 0 0 0 1 1 1
        617 eafffffe 00000000 2 2 00000000 0 1 0 0 0 0 0 1 1 1
        618 eafffffe 00000000 2 2 00000000 1 1 0 0 0 0 0 1 1 1
        619 e92d503f 00000000 2 2 00000000 0 1 1 0 0 0 0 1 1 1
        620 e92d503f 00000000 2 2 00000000 1 1 1 0 0 0 0 1 1 1
        621 e92d503f 00000000 2 2 00000000 0 1 0 0 0 0 0 1 1 1
        622 e92d503f 00000000 2 2 00000000 1 1 0 0 0 0 0 1 1 1
        623 e92d503f 00000000 2 2 00000000 0 1 0 0 0 0 0 1 1 1
        624 e92d503f 00000000 2 2 00000000 1 1 0 0 0 0 0 1 1 1
        625 e3a00202 00000000 2 2 00000000 0 1 1 0 0 0 0 1 1 1
        626 e3a00202 00000000 2 2 00000000 1 1 1 0 0 0 0 1 1 1
        627 e3a00202 00000000 2 2 00000000 0 1 0 0 0 0 0 1 1 1
        628 e3a00202 00000000 2 2 00000000 1 1 0 0 0 0 0 1 1 1
        629 e3a00202 00000000 2 2 00000000 0 1 0 0 0 0 0 1 1 1
        630 e3a00202 00000000 2 2 00000000 1 1 0 0 0 0 0 1 1 1
        631 e3a02049 00000000 2 2 00000000 0 1 1 0 0 0 0 1 1 1
        632 e3a02049 00000000 2 2 00000000 1 1 1 0 0 0 0 1 1 1
        633 e3a02049 00000000 2 2 00000000 0 1 0 0 0 0 0 1 1 1
        634 e3a02049 00000000 2 2 00000000 1 1 0 0 0 0 0 1 1 1
        635 e3a02049 00000000 2 2 00000000 0 1 0 0 0 0 0 1 1 1
        636 e3a02049 00000000 2 2 00000000 1 1 0 0 0 0 0 1 1 1
        637 eafffffe 00000000 2 2 00000000 0 1 1 0 0 0 0 1 1 1
        638 eafffffe 00000000 2 2 00000000 1 1 1 0 0 0 0 1 1 1
        639 eafffffe 00000000 2 2 00000000 0 1 0 0 0 0 0 1 1 1
        640 eafffffe 00000000 2 2 00000000 1 1 0 0 0 0 0 1 1 1
        641 eafffffe 00000000 2 2 00000000 0 1 0 0 0 0 0 1 1 1
        642 eafffffe 00000000 2 2 00000000 1 1 0 0 0 0 0 1 1 1
        643 e92d503f 00000000 2 2 00000000 0 1 1 0 0 0 0 1 1 1
        644 e92d503f 00000000 2 2 00000000 1 1 1 0 0 0 0 1 1 1
        645 e92d503f 00000000 2 2 00000000 0 1 0 0 0 0 0 1 1 1
        646 e92d503f 00000000 2 2 00000000 1 1 0 0 0 0 0 1 1 1
        647 e92d503f 00000000 2 2 00000000 0 1 0 0 0 0 0 1 1 1
        648 e92d503f 00000000 2 2 00000000 1 1 0 0 0 0 0 1 1 1
        649 e3a00202 00000000 2 2 00000000 0 1 1 0 0 0 0 1 1 1
        650 e3a00202 00000000 2 2 00000000 1 1 1 0 0 0 0 1 1 1
        651 e3a00202 00000000 2 2 00000000 0 1 0 0 0 0 0 1 1 1
        652 e3a00202 00000000 2 2 00000000 1 1 0 0 0 0 0 1 1 1
        653 e3a00202 00000000 2 2 00000000 0 1 0 0 0 0 0 1 1 1
        654 e3a00202 00000000 2 2 00000000 1 1 0 0 0 0 0 1 1 1
        655 e3a02049 00000000 2 2 00000000 0 1 1 0 0 0 0 1 1 1
        656 e3a02049 00000000 2 2 00000000 1 1 1 0 0 0 0 1 1 1
        657 e3a02049 00000000 2 2 00000000 0 1 0 0 0 0 0 1 1 1
        658 e3a02049 00000000 2 2 00000000 1 1 0 0 0 0 0 1 1 1
        659 e3a02049 00000000 2 2 00000000 0 1 0 0 0 0 0 1 1 1
        660 e3a02049 00000000 2 2 00000000 1 1 0 0 0 0 0 1 1 1
        661 eafffffe 00000000 2 2 00000000 0 1 1 0 0 0 0 1 1 1
        662 eafffffe 00000000 2 2 00000000 1 1 1 0 0 0 0 1 1 1
        663 eafffffe 00000000 2 2 00000000 0 1 0 0 0 0 0 1 1 1
        664 eafffffe 00000000 2 2 00000000 1 1 0 0 0 0 0 1 1 1
        665 eafffffe 00000000 2 2 00000000 0 1 0 0 0 0 0 1 1 1
        666 eafffffe 00000000 2 2 00000000 1 1 0 0 0 0 0 1 1 1
        667 e92d503f 00000000 2 2 00000000 0 1 1 0 0 0 0 1 1 1
        668 e92d503f 00000000 2 2 00000000 1 1 1 0 0 0 0 1 1 1
        669 e92d503f 00000000 2 2 00000000 0 1 0 0 0 0 0 1 1 1
        670 e92d503f 00000000 2 2 00000000 1 1 0 0 0 0 0 1 1 1
        671 e92d503f 00000000 2 2 00000000 0 1 0 0 0 0 0 1 1 1
        672 e92d503f 00000000 2 2 00000000 1 1 0 0 0 0 0 1 1 1
        673 e3a00202 00000000 2 2 00000000 0 1 1 0 0 0 0 1 1 1
        674 e3a00202 00000000 2 2 00000000 1 1 1 0 0 0 0 1 1 1
        675 e3a00202 00000000 2 2 00000000 0 1 0 0 0 0 0 1 1 1
        676 e3a00202 00000000 2 2 00000000 1 1 0 0 0 0 0 1 1 1
        677 e3a00202 00000000 2 2 00000000 0 1 0 0 0 0 0 1 1 1
        678 e3a00202 00000000 2 2 00000000 1 1 0 0 0 0 0 1 1 1
        679 e3a02049 00000000 2 2 00000000 0 1 1 0 0 0 0 1 1 1
        680 e3a02049 00000000 2 2 00000000 1 1 1 0 0 0 0 1 1 1
        681 e3a02049 00000000 2 2 00000000 0 1 0 0 0 0 0 1 1 1
        682 e3a02049 00000000 2 2 00000000 1 1 0 0 0 0 0 1 1 1
        683 e3a02049 00000000 2 2 00000000 0 1 0 0 0 0 0 1 1 1
        684 e3a02049 00000000 2 2 00000000 1 1 0 0 0 0 0 1 1 1
        685 eafffffe 00000000 2 2 00000000 0 1 1 0 0 0 0 1 1 1
        686 eafffffe 00000000 2 2 00000000 1 1 1 0 0 0 0 1 1 1
        687 eafffffe 00000000 2 2 00000000 0 1 0 0 0 0 0 1 1 1
        688 eafffffe 00000000 2 2 00000000 1 1 0 0 0 0 0 1 1 1
        689 eafffffe 00000000 2 2 00000000 0 1 0 0 0 0 0 1 1 1
        690 eafffffe 00000000 2 2 00000000 1 1 0 0 0 0 0 1 1 1
        691 e92d503f 00000000 2 2 00000000 0 1 1 0 0 0 0 1 1 1
        692 e92d503f 00000000 2 2 00000000 1 1 1 0 0 0 0 1 1 1
        693 e92d503f 00000000 2 2 00000000 0 1 0 0 0 0 0 1 1 1
        694 e92d503f 00000000 2 2 00000000 1 1 0 0 0 0 0 1 1 1
        695 e92d503f 00000000 2 2 00000000 0 1 0 0 0 0 0 1 1 1
        696 e92d503f 00000000 2 2 00000000 1 1 0 0 0 0 0 1 1 1
        697 e3a00202 00000000 2 2 00000000 0 1 1 0 0 0 0 1 1 1
        698 e3a00202 00000000 2 2 00000000 1 1 1 0 0 0 0 1 1 1
        699 e3a00202 00000000 2 2 00000000 0 1 0 0 0 0 0 1 1 1
        700 e3a00202 00000000 2 2 00000000 1 1 0 0 0 0 0 1 1 1
        701 e3a00202 00000000 2 2 00000000 0 1 0 0 0 0 0 1 1 1
        702 e3a00202 00000000 2 2 00000000 1 1 0 0 0 0 0 1 1 1
        703 e3a02049 00000000 2 2 00000000 0 1 1 0 0 0 0 1 1 1
        704 e3a02049 00000000 2 2 00000000 1 1 1 0 0 0 0 1 1 1
        705 e3a02049 00000000 2 2 00000000 0 1 0 0 0 0 0 1 1 1
        706 e3a02049 00000000 2 2 00000000 1 1 0 0 0 0 0 1 1 1
        707 e3a02049 00000000 2 2 00000000 0 1 0 0 0 0 0 1 1 1
        708 e3a02049 00000000 2 2 00000000 1 1 0 0 0 0 0 1 1 1
        709 eafffffe 00000000 2 2 00000000 0 1 1 0 0 0 0 1 1 1
        710 eafffffe 00000000 2 2 00000000 1 1 1 0 0 0 0 1 1 1
        711 eafffffe 00000000 2 2 00000000 0 1 0 0 0 0 0 1 1 1
        712 eafffffe 00000000 2 2 00000000 1 1 0 0 0 0 0 1 1 1
        713 eafffffe 00000000 2 2 00000000 0 1 0 0 0 0 0 1 1 1
        714 eafffffe 00000000 2 2 00000000 1 1 0 0 0 0 0 1 1 1
        715 e92d503f 00000000 2 2 00000000 0 1 1 0 0 0 0 1 1 1
        716 e92d503f 00000000 2 2 00000000 1 1 1 0 0 0 0 1 1 1
        717 e92d503f 00000000 2 2 00000000 0 1 0 0 0 0 0 1 1 1
        718 e92d503f 00000000 2 2 00000000 1 1 0 0 0 0 0 1 1 1
        719 e92d503f 00000000 2 2 00000000 0 1 0 0 0 0 0 1 1 1
        720 e92d503f 00000000 2 2 00000000 1 1 0 0 0 0 0 1 1 1
        721 e3a00202 00000000 2 2 00000000 0 1 1 0 0 0 0 1 1 1
        722 e3a00202 00000000 2 2 00000000 1 1 1 0 0 0 0 1 1 1
        723 e3a00202 00000000 2 2 00000000 0 1 0 0 0 0 0 1 1 1
        724 e3a00202 00000000 2 2 00000000 1 1 0 0 0 0 0 1 1 1
        725 e3a00202 00000000 2 2 00000000 0 1 0 0 0 0 0 1 1 1
        726 e3a00202 00000000 2 2 00000000 1 1 0 0 0 0 0 1 1 1
        727 e3a02049 00000000 2 2 00000000 0 1 1 0 0 0 0 1 1 1
        728 e3a02049 00000000 2 2 00000000 1 1 1 0 0 0 0 1 1 1
        729 e3a02049 00000000 2 2 00000000 0 1 0 0 0 0 0 1 1 1
        730 e3a02049 00000000 2 2 00000000 1 1 0 0 0 0 0 1 1 1
        731 e3a02049 00000000 2 2 00000000 0 1 0 0 0 0 0 1 1 1
        732 e3a02049 00000000 2 2 00000000 1 1 0 0 0 0 0 1 1 1
        733 eafffffe 00000000 2 2 00000000 0 1 1 0 0 0 0 1 1 1
        734 eafffffe 00000000 2 2 00000000 1 1 1 0 0 0 0 1 1 1
        735 eafffffe 00000000 2 2 00000000 0 1 0 0 0 0 0 1 1 1
        736 eafffffe 00000000 2 2 00000000 1 1 0 0 0 0 0 1 1 1
        737 eafffffe 00000000 2 2 00000000 0 1 0 0 0 0 0 1 1 1
        738 eafffffe 00000000 2 2 00000000 1 1 0 0 0 0 0 1 1 1
        739 e92d503f 00000000 2 2 00000000 0 1 1 0 0 0 0 1 1 1
        740 e92d503f 00000000 2 2 00000000 1 1 1 0 0 0 0 1 1 1
        741 e92d503f 00000000 2 2 00000000 0 1 0 0 0 0 0 1 1 1
        742 e92d503f 00000000 2 2 00000000 1 1 0 0 0 0 0 1 1 1
        743 e92d503f 00000000 2 2 00000000 0 1 0 0 0 0 0 1 1 1
        744 e92d503f 00000000 2 2 00000000 1 1 0 0 0 0 0 1 1 1
        745 e3a00202 00000000 2 2 00000000 0 1 1 0 0 0 0 1 1 1
        746 e3a00202 00000000 2 2 00000000 1 1 1 0 0 0 0 1 1 1
        747 e3a00202 00000000 2 2 00000000 0 1 0 0 0 0 0 1 1 1
        748 e3a00202 00000000 2 2 00000000 1 1 0 0 0 0 0 1 1 1
        749 e3a00202 00000000 2 2 00000000 0 1 0 0 0 0 0 1 1 1
        750 e3a00202 00000000 2 2 00000000 1 1 0 0 0 0 0 1 1 1
        751 e3a02049 00000000 2 2 00000000 0 1 1 0 0 0 0 1 1 1
        752 e3a02049 00000000 2 2 00000000 1 1 1 0 0 0 0 1 1 1
        753 e3a02049 00000000 2 2 00000000 0 1 0 0 0 0 0 1 1 1
        754 e3a02049 00000000 2 2 00000000 1 1 0 0 0 0 0 1 1 1
        755 e3a02049 00000000 2 2 00000000 0 1 0 0 0 0 0 1 1 1
        756 e3a02049 00000000 2 2 00000000 1 1 0 0 0 0 0 1 1 1
        757 eafffffe 00000000 2 2 00000000 0 1 1 0 0 0 0 1 1 1
        758 eafffffe 00000000 2 2 00000000 1 1 1 0 0 0 0 1 1 1
        759 eafffffe 00000000 2 2 00000000 0 1 0 0 0 0 0 1 1 1
        760 eafffffe 00000000 2 2 00000000 1 1 0 0 0 0 0 1 1 1
        761 eafffffe 00000000 2 2 00000000 0 1 0 0 0 0 0 1 1 1
        762 eafffffe 00000000 2 2 00000000 1 1 0 0 0 0 0 1 1 1
        763 e92d503f 00000000 2 2 00000000 0 1 1 0 0 0 0 1 1 1
        764 e92d503f 00000000 2 2 00000000 1 1 1 0 0 0 0 1 1 1
        765 e92d503f 00000000 2 2 00000000 0 1 0 0 0 0 0 1 1 1
        766 e92d503f 00000000 2 2 00000000 1 1 0 0 0 0 0 1 1 1
        767 e92d503f 00000000 2 2 00000000 0 1 0 0 0 0 0 1 1 1
        768 e92d503f 00000000 2 2 00000000 1 1 0 0 0 0 0 1 1 1
        769 e3a00202 00000000 2 2 00000000 0 1 1 0 0 0 0 1 1 1
        770 e3a00202 00000000 2 2 00000000 1 1 1 0 0 0 0 1 1 1
        771 e3a00202 00000000 2 2 00000000 0 1 0 0 0 0 0 1 1 1
        772 e3a00202 00000000 2 2 00000000 1 1 0 0 0 0 0 1 1 1
        773 e3a00202 00000000 2 2 00000000 0 1 0 0 0 0 0 1 1 1
        774 e3a00202 00000000 2 2 00000000 1 1 0 0 0 0 0 1 1 1
        775 e3a02049 00000000 2 2 00000000 0 1 1 0 0 0 0 1 1 1
        776 e3a02049 00000000 2 2 00000000 1 1 1 0 0 0 0 1 1 1
        777 e3a02049 00000000 2 2 00000000 0 1 0 0 0 0 0 1 1 1
        778 e3a02049 00000000 2 2 00000000 1 1 0 0 0 0 0 1 1 1
        779 e3a02049 00000000 2 2 00000000 0 1 0 0 0 0 0 1 1 1
        780 e3a02049 00000000 2 2 00000000 1 1 0 0 0 0 0 1 1 1
        781 eafffffe 00000000 2 2 00000000 0 1 1 0 0 0 0 1 1 1
        782 eafffffe 00000000 2 2 00000000 1 1 1 0 0 0 0 1 1 1
        783 eafffffe 00000000 2 2 00000000 0 1 0 0 0 0 0 1 1 1
        784 eafffffe 00000000 2 2 00000000 1 1 0 0 0 0 0 1 1 1
        785 eafffffe 00000000 2 2 00000000 0 1 0 0 0 0 0 1 1 1
        786 eafffffe 00000000 2 2 00000000 1 1 0 0 0 0 0 1 1 1
        787 e92d503f 00000000 2 2 00000000 0 1 1 0 0 0 0 1 1 1
        788 e92d503f 00000000 2 2 00000000 1 1 1 0 0 0 0 1 1 1
        789 e92d503f 00000000 2 2 00000000 0 1 0 0 0 0 0 1 1 1
        790 e92d503f 00000000 2 2 00000000 1 1 0 0 0 0 0 1 1 1
        791 e92d503f 00000000 2 2 00000000 0 1 0 0 0 0 0 1 1 1
        792 e92d503f 00000000 2 2 00000000 1 1 0 0 0 0 0 1 1 1
        793 e3a00202 00000000 2 2 00000000 0 1 1 0 0 0 0 1 1 1
        794 e3a00202 00000000 2 2 00000000 1 1 1 0 0 0 0 1 1 1
        795 e3a00202 00000000 2 2 00000000 0 1 0 0 0 0 0 1 1 1
        796 e3a00202 00000000 2 2 00000000 1 1 0 0 0 0 0 1 1 1
        797 e3a00202 00000000 2 2 00000000 0 1 0 0 0 0 0 1 1 1
        798 e3a00202 00000000 2 2 00000000 1 1 0 0 0 0 0 1 1 1
        799 e3a02049 00000000 2 2 00000000 0 1 1 0 0 0 0 1 1 1
        800 e3a02049 00000000 2 2 00000000 1 1 1 0 0 0 0 1 1 1
        801 e3a02049 00000000 2 2 00000000 0 1 0 0 0 0 0 1 1 1
        802 e3a02049 00000000 2 2 00000000 1 1 0 0 0 0 0 1 1 1
        803 e3a02049 00000000 2 2 00000000 0 1 0 0 0 0 0 1 1 1
        804 e3a02049 00000000 2 2 00000000 1 1 0 0 0 0 0 1 1 1
        805 e3a02049 00000000 2 2 00000000 0 1 0 0 0 0 0 1 1 1
        806 e3a02049 00000000 2 2 00000000 1 1 0 0 0 0 0 1 1 1
        807 eafffffe 00000000 2 2 00000000 0 1 1 0 0 0 0 1 1 1
        808 eafffffe 00000000 2 2 00000000 1 1 1 0 0 0 0 1 1 1
        809 eafffffe 00000000 2 2 00000000 0 1 0 0 0 0 0 1 1 1
        810 eafffffe 00000000 2 2 00000000 1 1 0 0 0 0 0 1 1 1
        811 eafffffe 00000000 2 2 00000000 0 1 0 0 0 0 0 1 1 1
        812 eafffffe 00000000 2 2 00000000 1 1 0 0 0 0 0 1 1 1
        813 eafffffe 00000000 2 2 00000000 0 1 0 0 0 0 0 1 1 1
        814 eafffffe 00000000 2 2 00000000 1 1 0 0 0 0 0 1 1 1
        815 e92d503f 00000000 2 2 00000000 0 1 1 0 0 0 0 1 1 1
        816 e92d503f 00000000 2 2 00000000 1 1 1 0 0 0 0 1 1 1
        817 e92d503f 00000000 2 2 00000000 0 1 0 0 0 0 0 1 1 1
        818 e92d503f 00000000 2 2 00000000 1 1 0 0 0 0 0 1 1 1
        819 e92d503f 00000000 2 2 00000000 0 1 0 0 0 0 0 1 1 1
        820 e92d503f 00000000 2 2 00000000 1 1 0 0 0 0 0 1 1 1
        821 e92d503f 00000000 2 2 00000000 0 1 0 0 0 0 0 1 1 1
        822 e92d503f 00000000 2 2 00000000 1 1 0 0 0 0 0 1 1 1
        823 e3a00202 00000000 2 2 00000000 0 1 1 0 0 0 0 1 1 1
        824 e3a00202 00000000 2 2 00000000 1 1 1 0 0 0 0 1 1 1
        825 e3a00202 00000000 2 2 00000000 0 1 0 0 0 0 0 1 1 1
        826 e3a00202 00000000 2 2 00000000 1 1 0 0 0 0 0 1 1 1
        827 e3a00202 00000000 2 2 00000000 0 1 0 0 0 0 0 1 1 1
        828 e3a00202 00000000 2 2 00000000 1 1 0 0 0 0 0 1 1 1
        829 e3a00202 00000000 2 2 00000000 0 1 0 0 0 0 0 1 1 1
        830 e3a00202 00000000 2 2 00000000 1 1 0 0 0 0 0 1 1 1
        831 e3a02049 00000000 2 2 00000000 0 1 1 0 0 0 0 1 1 1
        832 e3a02049 00000000 2 2 00000000 1 1 1 0 0 0 0 1 1 1
        833 e3a02049 00000000 2 2 00000000 0 1 0 0 0 0 0 1 1 1
        834 e3a02049 00000000 2 2 00000000 1 1 0 0 0 0 0 1 1 1
        835 e3a02049 00000000 2 2 00000000 0 1 0 0 0 0 0 1 1 1
        836 e3a02049 00000000 2 2 00000000 1 1 0 0 0 0 0 1 1 1
        837 e3a02049 00000000 2 2 00000000 0 1 0 0 0 0 0 1 1 1
        838 e3a02049 00000000 2 2 00000000 1 1 0 0 0 0 0 1 1 1
        839 eafffffe 00000000 2 2 00000000 0 1 1 0 0 0 0 1 1 1
        840 eafffffe 00000000 2 2 00000000 1 1 1 0 0 0 0 1 1 1
        841 eafffffe 00000000 2 2 00000000 0 1 0 0 0 0 0 1 1 1
        842 eafffffe 00000000 2 2 00000000 1 1 0 0 0 0 0 1 1 1
        843 eafffffe 00000000 2 2 00000000 0 1 0 0 0 0 0 1 1 1
        844 eafffffe 00000000 2 2 00000000 1 1 0 0 0 0 0 1 1 1
        845 eafffffe 00000000 2 2 00000000 0 1 0 0 0 0 0 1 1 1
        846 eafffffe 00000000 2 2 00000000 1 1 0 0 0 0 0 1 1 1
        847 e92d503f 00000000 2 2 00000000 0 1 1 0 0 0 0 1 1 1
        848 e92d503f 00000000 2 2 00000000 1 1 1 0 0 0 0 1 1 1
        849 e92d503f 00000000 2 2 00000000 0 1 0 0 0 0 0 1 1 1
        850 e92d503f 00000000 2 2 00000000 1 1 0 0 0 0 0 1 1 1
        851 e92d503f 00000000 2 2 00000000 0 1 0 0 0 0 0 1 1 1
        852 e92d503f 00000000 2 2 00000000 1 1 0 0 0 0 0 1 1 1
        853 e92d503f 00000000 2 2 00000000 0 1 0 0 0 0 0 1 1 1
        854 e92d503f 00000000 2 2 00000000 1 1 0 0 0 0 0 1 1 1
        855 e3a00202 00000000 2 2 00000000 0 1 1 0 0 0 0 1 1 1
        856 e3a00202 00000000 2 2 00000000 1 1 1 0 0 0 0 1 1 1
        857 e3a00202 00000000 2 2 00000000 0 1 0 0 0 0 0 1 1 1
        858 e3a00202 00000000 2 2 00000000 1 1 0 0 0 0 0 1 1 1
        859 e3a00202 00000000 2 2 00000000 0 1 0 0 0 0 0 1 1 1
        860 e3a00202 00000000 2 2 00000000 1 1 0 0 0 0 0 1 1 1
        861 e3a00202 00000000 2 2 00000000 0 1 0 0 0 0 0 1 1 1
        862 e3a00202 00000000 2 2 00000000 1 1 0 0 0 0 0 1 1 1
        863 e3a02049 00000000 2 2 00000000 0 1 1 0 0 0 0 1 1 1
        864 e3a02049 00000000 2 2 00000000 1 1 1 0 0 0 0 1 1 1
        865 e3a02049 00000000 2 2 00000000 0 1 0 0 0 0 0 1 1 1
        866 e3a02049 00000000 2 2 00000000 1 1 0 0 0 0 0 1 1 1
        867 e3a02049 00000000 2 2 00000000 0 1 0 0 0 0 0 1 1 1
        868 e3a02049 00000000 2 2 00000000 1 1 0 0 0 0 0 1 1 1
        869 e3a02049 00000000 2 2 00000000 0 1 0 0 0 0 0 1 1 1
        870 e3a02049 00000000 2 2 00000000 1 1 0 0 0 0 0 1 1 1
        871 eafffffe 00000000 2 2 00000000 0 1 1 0 0 0 0 1 1 1
        872 eafffffe 00000000 2 2 00000000 1 1 1 0 0 0 0 1 1 1
        873 eafffffe 00000000 2 2 00000000 0 1 0 0 0 0 0 1 1 1
        874 eafffffe 00000000 2 2 00000000 1 1 0 0 0 0 0 1 1 1
        875 eafffffe 00000000 2 2 00000000 0 1 0 0 0 0 0 1 1 1
        876 eafffffe 00000000 2 2 00000000 1 1 0 0 0 0 0 1 1 1
        877 eafffffe 00000000 2 2 00000000 0 1 0 0 0 0 0 1 1 1
        878 eafffffe 00000000 2 2 00000000 1 1 0 0 0 0 0 1 1 1
        879 e92d503f 00000000 2 2 00000000 0 1 1 0 0 0 0 1 1 1
        880 e92d503f 00000000 2 2 00000000 1 1 1 0 0 0 0 1 1 1
        881 e92d503f 00000000 2 2 00000000 0 1 0 0 0 0 0 1 1 1
        882 e92d503f 00000000 2 2 00000000 1 1 0 0 0 0 0 1 1 1
        883 e92d503f 00000000 2 2 00000000 0 1 0 0 0 0 0 1 1 1
        884 e92d503f 00000000 2 2 00000000 1 1 0 0 0 0 0 1 1 1
        885 e92d503f 00000000 2 2 00000000 0 1 0 0 0 0 0 1 1 1
        886 e92d503f 00000000 2 2 00000000 1 1 0 0 0 0 0 1 1 1
        887 e3a00202 00000000 2 2 00000000 0 1 1 0 0 0 0 1 1 1
        888 e3a00202 00000000 2 2 00000000 1 1 1 0 0 0 0 1 1 1
        889 e3a00202 00000000 2 2 00000000 0 1 0 0 0 0 0 1 1 1
        890 e3a00202 00000000 2 2 00000000 1 1 0 0 0 0 0 1 1 1
        891 e3a00202 00000000 2 2 00000000 0 1 0 0 0 0 0 1 1 1
        892 e3a00202 00000000 2 2 00000000 1 1 0 0 0 0 0 1 1 1
        893 e3a00202 00000000 2 2 00000000 0 1 0 0 0 0 0 1 1 1
        894 e3a00202 00000000 2 2 00000000 1 1 0 0 0 0 0 1 1 1
        895 e3a02049 00000000 2 2 00000000 0 1 1 0 0 0 0 1 1 1
        896 e3a02049 00000000 2 2 00000000 1 1 1 0 0 0 0 1 1 1
        897 e3a02049 00000000 2 2 00000000 0 1 0 0 0 0 0 1 1 1
        898 e3a02049 00000000 2 2 00000000 1 1 0 0 0 0 0 1 1 1
        899 e3a02049 00000000 2 2 00000000 0 1 0 0 0 0 0 1 1 1
        900 e3a02049 00000000 2 2 00000000 1 1 0 0 0 0 0 1 1 1
        901 e3a02049 00000000 2 2 00000000 0 1 0 0 0 0 0 1 1 1
        902 e3a02049 00000000 2 2 00000000 1 1 0 0 0 0 0 1 1 1
        903 eafffffe 00000000 2 2 00000000 0 1 1 0 0 0 0 1 1 1
        904 eafffffe 00000000 2 2 00000000 1 1 1 0 0 0 0 1 1 1
        905 eafffffe 00000000 2 2 00000000 0 1 0 0 0 0 0 1 1 1
        906 eafffffe 00000000 2 2 00000000 1 1 0 0 0 0 0 1 1 1
        907 eafffffe 00000000 2 2 00000000 0 1 0 0 0 0 0 1 1 1
        908 eafffffe 00000000 2 2 00000000 1 1 0 0 0 0 0 1 1 1
        909 eafffffe 00000000 2 2 00000000 0 1 0 0 0 0 0 1 1 1
        910 eafffffe 00000000 2 2 00000000 1 1 0 0 0 0 0 1 1 1
        911 e92d503f 00000000 2 2 00000000 0 1 1 0 0 0 0 1 1 1
        912 e92d503f 00000000 2 2 00000000 1 1 1 0 0 0 0 1 1 1
        913 e92d503f 00000000 2 2 00000000 0 1 0 0 0 0 0 1 1 1
        914 e92d503f 00000000 2 2 00000000 1 1 0 0 0 0 0 1 1 1
        915 e92d503f 00000000 2 2 00000000 0 1 0 0 0 0 0 1 1 1
        916 e92d503f 00000000 2 2 00000000 1 1 0 0 0 0 0 1 1 1
        917 e92d503f 00000000 2 2 00000000 0 1 0 0 0 0 0 1 1 1
        918 e92d503f 00000000 2 2 00000000 1 1 0 0 0 0 0 1 1 1
        919 e3a00202 00000000 2 2 00000000 0 1 1 0 0 0 0 1 1 1
        920 e3a00202 00000000 2 2 00000000 1 1 1 0 0 0 0 1 1 1
        921 e3a00202 00000000 2 2 00000000 0 1 0 0 0 0 0 1 1 1
        922 e3a00202 00000000 2 2 00000000 1 1 0 0 0 0 0 1 1 1
        923 e3a00202 00000000 2 2 00000000 0 1 0 0 0 0 0 1 1 1
        924 e3a00202 00000000 2 2 00000000 1 1 0 0 0 0 0 1 1 1
        925 e3a00202 00000000 2 2 00000000 0 1 0 0 0 0 0 1 1 1
        926 e3a00202 00000000 2 2 00000000 1 1 0 0 0 0 0 1 1 1
        927 e3a02049 00000000 2 2 00000000 0 1 1 0 0 0 0 1 1 1
        928 e3a02049 00000000 2 2 00000000 1 1 1 0 0 0 0 1 1 1
        929 e3a02049 00000000 2 2 00000000 0 1 0 0 0 0 0 1 1 1
        930 e3a02049 00000000 2 2 00000000 1 1 0 0 0 0 0 1 1 1
        931 e3a02049 00000000 2 2 00000000 0 1 0 0 0 0 0 1 1 1
        932 e3a02049 00000000 2 2 00000000 1 1 0 0 0 0 0 1 1 1
        933 e3a02049 00000000 2 2 00000000 0 1 0 0 0 0 0 1 1 1
        934 e3a02049 00000000 2 2 00000000 1 1 0 0 0 0 0 1 1 1
        935 eafffffe 00000000 2 2 00000000 0 1 1 0 0 0 0 1 1 1
        936 eafffffe 00000000 2 2 00000000 1 1 1 0 0 0 0 1 1 1
        937 eafffffe 00000000 2 2 00000000 0 1 0 0 0 0 0 1 1 1
        938 eafffffe 00000000 2 2 00000000 1 1 0 0 0 0 0 1 1 1
        939 eafffffe 00000000 2 2 00000000 0 1 0 0 0 0 0 1 1 1
        940 eafffffe 00000000 2 2 00000000 1 1 0 0 0 0 0 1 1 1
        941 eafffffe 00000000 2 2 00000000 0 1 0 0 0 0 0 1 1 1
        942 eafffffe 00000000 2 2 00000000 1 1 0 0 0 0 0 1 1 1
        943 e92d503f 00000000 2 2 00000000 0 1 1 0 0 0 0 1 1 1
        944 e92d503f 00000000 2 2 00000000 1 1 1 0 0 0 0 1 1 1
        945 e92d503f 00000000 2 2 00000000 0 1 0 0 0 0 0 1 1 1
        946 e92d503f 00000000 2 2 00000000 1 1 0 0 0 0 0 1 1 1
        947 e92d503f 00000000 2 2 00000000 0 1 0 0 0 0 0 1 1 1
        948 e92d503f 00000000 2 2 00000000 1 1 0 0 0 0 0 1 1 1
        949 e92d503f 00000000 2 2 00000000 0 1 0 0 0 0 0 1 1 1
        950 e92d503f 00000000 2 2 00000000 1 1 0 0 0 0 0 1 1 1
        951 e3a00202 00000000 2 2 00000000 0 1 1 0 0 0 0 1 1 1
        952 e3a00202 00000000 2 2 00000000 1 1 1 0 0 0 0 1 1 1
        953 e3a00202 00000000 2 2 00000000 0 1 0 0 0 0 0 1 1 1
        954 e3a00202 00000000 2 2 00000000 1 1 0 0 0 0 0 1 1 1
        955 e3a00202 00000000 2 2 00000000 0 1 0 0 0 0 0 1 1 1
        956 e3a00202 00000000 2 2 00000000 1 1 0 0 0 0 0 1 1 1
        957 e3a00202 00000000 2 2 00000000 0 1 0 0 0 0 0 1 1 1
        958 e3a00202 00000000 2 2 00000000 1 1 0 0 0 0 0 1 1 1
        959 e3a02049 00000000 2 2 00000000 0 1 1 0 0 0 0 1 1 1
        960 e3a02049 00000000 2 2 00000000 1 1 1 0 0 0 0 1 1 1
        961 e3a02049 00000000 2 2 00000000 0 1 0 0 0 0 0 1 1 1
        962 e3a02049 00000000 2 2 00000000 1 1 0 0 0 0 0 1 1 1
        963 e3a02049 00000000 2 2 00000000 0 1 0 0 0 0 0 1 1 1
        964 e3a02049 00000000 2 2 00000000 1 1 0 0 0 0 0 1 1 1
        965 e3a02049 00000000 2 2 00000000 0 1 0 0 0 0 0 1 1 1
        966 e3a02049 00000000 2 2 00000000 1 1 0 0 0 0 0 1 1 1
        967 eafffffe 00000000 2 2 00000000 0 1 1 0 0 0 0 1 1 1
        968 eafffffe 00000000 2 2 00000000 1 1 1 0 0 0 0 1 1 1
        969 eafffffe 00000000 2 2 00000000 0 1 0 0 0 0 0 1 1 1
        970 eafffffe 00000000 2 2 00000000 1 1 0 0 0 0 0 1 1 1
        971 eafffffe 00000000 2 2 00000000 0 1 0 0 0 0 0 1 1 1
        972 eafffffe 00000000 2 2 00000000 1 1 0 0 0 0 0 1 1 1
        973 eafffffe 00000000 2 2 00000000 0 1 0 0 0 0 0 1 1 1
        974 eafffffe 00000000 2 2 00000000 1 1 0 0 0 0 0 1 1 1
        975 e92d503f 00000000 2 2 00000000 0 1 1 0 0 0 0 1 1 1
        976 e92d503f 00000000 2 2 00000000 1 1 1 0 0 0 0 1 1 1
        977 e92d503f 00000000 2 2 00000000 0 1 0 0 0 0 0 1 1 1
        978 e92d503f 00000000 2 2 00000000 1 1 0 0 0 0 0 1 1 1
        979 e92d503f 00000000 2 2 00000000 0 1 0 0 0 0 0 1 1 1
        980 e92d503f 00000000 2 2 00000000 1 1 0 0 0 0 0 1 1 1
        981 e92d503f 00000000 2 2 00000000 0 1 0 0 0 0 0 1 1 1
        982 e92d503f 00000000 2 2 00000000 1 1 0 0 0 0 0 1 1 1
        983 e3a00202 00000000 2 2 00000000 0 1 1 0 0 0 0 1 1 1
        984 e3a00202 00000000 2 2 00000000 1 1 1 0 0 0 0 1 1 1
        985 e3a00202 00000000 2 2 00000000 0 1 0 0 0 0 0 1 1 1
        986 e3a00202 00000000 2 2 00000000 1 1 0 0 0 0 0 1 1 1
        987 e3a00202 00000000 2 2 00000000 0 1 0 0 0 0 0 1 1 1
        988 e3a00202 00000000 2 2 00000000 1 1 0 0 0 0 0 1 1 1
        989 e3a00202 00000000 2 2 00000000 0 1 0 0 0 0 0 1 1 1
        990 e3a00202 00000000 2 2 00000000 1 1 0 0 0 0 0 1 1 1
        991 e3a02049 00000000 2 2 00000000 0 1 1 0 0 0 0 1 1 1
        992 e3a02049 00000000 2 2 00000000 1 1 1 0 0 0 0 1 1 1
        993 e3a02049 00000000 2 2 00000000 0 1 0 0 0 0 0 1 1 1
        994 e3a02049 00000000 2 2 00000000 1 1 0 0 0 0 0 1 1 1
        995 e3a02049 00000000 2 2 00000000 0 1 0 0 0 0 0 1 1 1
        996 e3a02049 00000000 2 2 00000000 1 1 0 0 0 0 0 1 1 1
        997 e3a02049 00000000 2 2 00000000 0 1 0 0 0 0 0 1 1 1
        998 e3a02049 00000000 2 2 00000000 1 1 0 0 0 0 0 1 1 1
        999 eafffffe 00000000 2 2 00000000 0 1 1 0 0 0 0 1 1 1
       1000 eafffffe 00000000 2 2 00000000 1 1 1 0 0 0 0 1 1 1
       1001 eafffffe 00000000 2 2 00000000 0 1 0 0 0 0 0 1 1 1
       1002 eafffffe 00000000 2 2 00000000 1 1 0 0 0 0 0 1 1 1
       1003 eafffffe 00000000 2 2 00000000 0 1 0 0 0 0 0 1 1 1
       1004 eafffffe 00000000 2 2 00000000 1 1 0 0 0 0 0 1 1 1
       1005 eafffffe 00000000 2 2 00000000 0 1 0 0 0 0 0 1 1 1
       1006 eafffffe 00000000 2 2 00000000 1 1 0 0 0 0 0 1 1 1
       1007 e92d503f 00000000 2 2 00000000 0 1 1 0 0 0 0 1 1 1
       1008 e92d503f 00000000 2 2 00000000 1 1 1 0 0 0 0 1 1 1
       1009 e92d503f 00000000 2 2 00000000 0 1 0 0 0 0 0 1 1 1
       1010 e92d503f 00000000 2 2 00000000 1 1 0 0 0 0 0 1 1 1
       1011 e92d503f 00000000 2 2 00000000 0 1 0 0 0 0 0 1 1 1
       1012 e92d503f 00000000 2 2 00000000 1 1 0 0 0 0 0 1 1 1
       1013 e92d503f 00000000 2 2 00000000 0 1 0 0 0 0 0 1 1 1
       1014 e92d503f 00000000 2 2 00000000 1 1 0 0 0 0 0 1 1 1
       1015 e3a00202 00000000 2 2 00000000 0 1 1 0 0 0 0 1 1 1
       1016 e3a00202 00000000 2 2 00000000 1 1 1 0 0 0 0 1 1 1
       1017 e3a00202 00000000 2 2 00000000 0 1 0 0 0 0 0 1 1 1
       1018 e3a00202 00000000 2 2 00000000 1 1 0 0 0 0 0 1 1 1
       1019 e3a00202 00000000 2 2 00000000 0 1 0 0 0 0 0 1 1 1
       1020 e3a00202 00000000 2 2 00000000 1 1 0 0 0 0 0 1 1 1
       1021 e3a00202 00000000 2 2 00000000 0 1 0 0 0 0 0 1 1 1
       1022 e3a00202 00000000 2 2 00000000 1 1 0 0 0 0 0 1 1 1
       1023 e3a02049 00000000 2 2 00000000 0 1 1 0 0 0 0 1 1 1
       1024 e3a02049 00000000 2 2 00000000 1 1 1 0 0 0 0 1 1 1
       1025 e3a02049 00000000 2 2 00000000 0 1 0 0 0 0 0 1 1 1
       1026 e3a02049 00000000 2 2 00000000 1 1 0 0 0 0 0 1 1 1
       1027 e3a02049 00000000 2 2 00000000 0 1 0 0 0 0 0 1 1 1
       1028 e3a02049 00000000 2 2 00000000 1 1 0 0 0 0 0 1 1 1
       1029 e3a02049 00000000 2 2 00000000 0 1 0 0 0 0 0 1 1 1
       1030 e3a02049 00000000 2 2 00000000 1 1 0 0 0 0 0 1 1 1
       1031 eafffffe 00000000 2 2 00000000 0 1 1 0 0 0 0 1 1 1
       1032 eafffffe 00000000 2 2 00000000 1 1 1 0 0 0 0 1 1 1
       1033 eafffffe 00000000 2 2 00000000 0 1 0 0 0 0 0 1 1 1
       1034 eafffffe 00000000 2 2 00000000 1 1 0 0 0 0 0 1 1 1
       1035 eafffffe 00000000 2 2 00000000 0 1 0 0 0 0 0 1 1 1
       1036 eafffffe 00000000 2 2 00000000 1 1 0 0 0 0 0 1 1 1
       1037 eafffffe 00000000 2 2 00000000 0 1 0 0 0 0 0 1 1 1
       1038 eafffffe 00000000 2 2 00000000 1 1 0 0 0 0 0 1 1 1
       1039 e92d503f 00000000 2 2 00000000 0 1 1 0 0 0 0 1 1 1
       1040 e92d503f 00000000 2 2 00000000 1 1 1 0 0 0 0 1 1 1
       1041 e92d503f 00000000 2 2 00000000 0 1 0 0 0 0 0 1 1 1
       1042 e92d503f 00000000 2 2 00000000 1 1 0 0 0 0 0 1 1 1
       1043 e92d503f 00000000 2 2 00000000 0 1 0 0 0 0 0 1 1 1
       1044 e92d503f 00000000 2 2 00000000 1 1 0 0 0 0 0 1 1 1
       1045 e92d503f 00000000 2 2 00000000 0 1 0 0 0 0 0 1 1 1
       1046 e92d503f 00000000 2 2 00000000 1 1 0 0 0 0 0 1 1 1
       1047 e3a00202 00000000 2 2 00000000 0 1 1 0 0 0 0 1 1 1
       1048 e3a00202 00000000 2 2 00000000 1 1 1 0 0 0 0 1 1 1
       1049 e3a00202 00000000 2 2 00000000 0 1 0 0 0 0 0 1 1 1
       1050 e3a00202 00000000 2 2 00000000 1 1 0 0 0 0 0 1 1 1
       1051 e3a00202 00000000 2 2 00000000 0 1 0 0 0 0 0 1 1 1
       1052 e3a00202 00000000 2 2 00000000 1 1 0 0 0 0 0 1 1 1
       1053 e3a00202 00000000 2 2 00000000 0 1 0 0 0 0 0 1 1 1
       1054 e3a00202 00000000 2 2 00000000 1 1 0 0 0 0 0 1 1 1
       1055 e3a02049 00000000 2 2 00000000 0 1 1 0 0 0 0 1 1 1
       1056 e3a02049 00000000 2 2 00000000 1 1 1 0 0 0 0 1 1 1
       1057 e3a02049 00000000 2 2 00000000 0 1 0 0 0 0 0 1 1 1
       1058 e3a02049 00000000 2 2 00000000 1 1 0 0 0 0 0 1 1 1
       1059 e3a02049 00000000 2 2 00000000 0 1 0 0 0 0 0 1 1 1
       1060 e3a02049 00000000 2 2 00000000 1 1 0 0 0 0 0 1 1 1
       1061 e3a02049 00000000 2 2 00000000 0 1 0 0 0 0 0 1 1 1
       1062 e3a02049 00000000 2 2 00000000 1 1 0 0 0 0 0 1 1 1
       1063 eafffffe 00000000 2 2 00000000 0 1 1 0 0 0 0 1 1 1
       1064 eafffffe 00000000 2 2 00000000 1 1 1 0 0 0 0 1 1 1
       1065 eafffffe 00000000 2 2 00000000 0 1 0 0 0 0 0 1 1 1
       1066 eafffffe 00000000 2 2 00000000 1 1 0 0 0 0 0 1 1 1
       1067 eafffffe 00000000 2 2 00000000 0 1 0 0 0 0 0 1 1 1
       1068 eafffffe 00000000 2 2 00000000 1 1 0 0 0 0 0 1 1 1
       1069 eafffffe 00000000 2 2 00000000 0 1 0 0 0 0 0 1 1 1
       1070 eafffffe 00000000 2 2 00000000 1 1 0 0 0 0 0 1 1 1
       1071 e92d503f 00000000 2 2 00000000 0 1 1 0 0 0 0 1 1 1
       1072 e92d503f 00000000 2 2 00000000 1 1 1 0 0 0 0 1 1 1
       1073 e92d503f 00000000 2 2 00000000 0 1 0 0 0 0 0 1 1 1
       1074 e92d503f 00000000 2 2 00000000 1 1 0 0 0 0 0 1 1 1
       1075 e92d503f 00000000 2 2 00000000 0 1 0 0 0 0 0 1 1 1
       1076 e92d503f 00000000 2 2 00000000 1 1 0 0 0 0 0 1 1 1
       1077 e92d503f 00000000 2 2 00000000 0 1 0 0 0 0 0 1 1 1
       1078 e92d503f 00000000 2 2 00000000 1 1 0 0 0 0 0 1 1 1
       1079 e3a00202 00000000 2 2 00000000 0 1 1 0 0 0 0 1 1 1
       1080 e3a00202 00000000 2 2 00000000 1 1 1 0 0 0 0 1 1 1
       1081 e3a00202 00000000 2 2 00000000 0 1 0 0 0 0 0 1 1 1
       1082 e3a00202 00000000 2 2 00000000 1 1 0 0 0 0 0 1 1 1
       1083 e3a00202 00000000 2 2 00000000 0 1 0 0 0 0 0 1 1 1
       1084 e3a00202 00000000 2 2 00000000 1 1 0 0 0 0 0 1 1 1
       1085 e3a00202 00000000 2 2 00000000 0 1 0 0 0 0 0 1 1 1
       1086 e3a00202 00000000 2 2 00000000 1 1 0 0 0 0 0 1 1 1
       1087 e3a02049 00000000 2 2 00000000 0 1 1 0 0 0 0 1 1 1
       1088 e3a02049 00000000 2 2 00000000 1 1 1 0 0 0 0 1 1 1
       1089 e3a02049 00000000 2 2 00000000 0 1 0 0 0 0 0 1 1 1
       1090 e3a02049 00000000 2 2 00000000 1 1 0 0 0 0 0 1 1 1
       1091 e3a02049 00000000 2 2 00000000 0 1 0 0 0 0 0 1 1 1
       1092 e3a02049 00000000 2 2 00000000 1 1 0 0 0 0 0 1 1 1
       1093 e3a02049 00000000 2 2 00000000 0 1 0 0 0 0 0 1 1 1
       1094 e3a02049 00000000 2 2 00000000 1 1 0 0 0 0 0 1 1 1
       1095 eafffffe 00000000 2 2 00000000 0 1 1 0 0 0 0 1 1 1
       1096 eafffffe 00000000 2 2 00000000 1 1 1 0 0 0 0 1 1 1
       1097 eafffffe 00000000 2 2 00000000 0 1 0 0 0 0 0 1 1 1
       1098 eafffffe 00000000 2 2 00000000 1 1 0 0 0 0 0 1 1 1
       1099 eafffffe 00000000 2 2 00000000 0 1 0 0 0 0 0 1 1 1
       1100 eafffffe 00000000 2 2 00000000 1 1 0 0 0 0 0 1 1 1
       1101 eafffffe 00000000 2 2 00000000 0 1 0 0 0 0 0 1 1 1
       1102 eafffffe 00000000 2 2 00000000 1 1 0 0 0 0 0 1 1 1
       1103 e92d503f 00000000 2 2 00000000 0 1 1 0 0 0 0 1 1 1
       1104 e92d503f 00000000 2 2 00000000 1 1 1 0 0 0 0 1 1 1
       1105 e92d503f 00000000 2 2 00000000 0 1 0 0 0 0 0 1 1 1
       1106 e92d503f 00000000 2 2 00000000 1 1 0 0 0 0 0 1 1 1
       1107 e92d503f 00000000 2 2 00000000 0 1 0 0 0 0 0 1 1 1
       1108 e92d503f 00000000 2 2 00000000 1 1 0 0 0 0 0 1 1 1
       1109 e92d503f 00000000 2 2 00000000 0 1 0 0 0 0 0 1 1 1
       1110 e92d503f 00000000 2 2 00000000 1 1 0 0 0 0 0 1 1 1
       1111 e3a00202 00000000 2 2 00000000 0 1 1 0 0 0 0 1 1 1
       1112 e3a00202 00000000 2 2 00000000 1 1 1 0 0 0 0 1 1 1
       1113 e3a00202 00000000 2 2 00000000 0 1 0 0 0 0 0 1 1 1
       1114 e3a00202 00000000 2 2 00000000 1 1 0 0 0 0 0 1 1 1
       1115 e3a00202 00000000 2 2 00000000 0 1 0 0 0 0 0 1 1 1
       1116 e3a00202 00000000 2 2 00000000 1 1 0 0 0 0 0 1 1 1
       1117 e3a00202 00000000 2 2 00000000 0 1 0 0 0 0 0 1 1 1
       1118 e3a00202 00000000 2 2 00000000 1 1 0 0 0 0 0 1 1 1
       1119 e3a02049 00000000 2 2 00000000 0 1 1 0 0 0 0 1 1 1
       1120 e3a02049 00000000 2 2 00000000 1 1 1 0 0 0 0 1 1 1
       1121 e3a02049 00000000 2 2 00000000 0 1 0 0 0 0 0 1 1 1
       1122 e3a02049 00000000 2 2 00000000 1 1 0 0 0 0 0 1 1 1
       1123 e3a02049 00000000 2 2 00000000 0 1 0 0 0 0 0 1 1 1
       1124 e3a02049 00000000 2 2 00000000 1 1 0 0 0 0 0 1 1 1
       1125 e3a02049 00000000 2 2 00000000 0 1 0 0 0 0 0 1 1 1
       1126 e3a02049 00000000 2 2 00000000 1 1 0 0 0 0 0 1 1 1
       1127 eafffffe 00000000 2 2 00000000 0 1 1 0 0 0 0 1 1 1
       1128 eafffffe 00000000 2 2 00000000 1 1 1 0 0 0 0 1 1 1
       1129 eafffffe 00000000 2 2 00000000 0 1 0 0 0 0 0 1 1 1
       1130 eafffffe 00000000 2 2 00000000 1 1 0 0 0 0 0 1 1 1
       1131 eafffffe 00000000 2 2 00000000 0 1 0 0 0 0 0 1 1 1
       1132 eafffffe 00000000 2 2 00000000 1 1 0 0 0 0 0 1 1 1
       1133 eafffffe 00000000 2 2 00000000 0 1 0 0 0 0 0 1 1 1
       1134 eafffffe 00000000 2 2 00000000 1 1 0 0 0 0 0 1 1 1
       1135 e92d503f 00000000 2 2 00000000 0 1 1 0 0 0 0 1 1 1
       1136 e92d503f 00000000 2 2 00000000 1 1 1 0 0 0 0 1 1 1
       1137 e92d503f 00000000 2 2 00000000 0 1 0 0 0 0 0 1 1 1
       1138 e92d503f 00000000 2 2 00000000 1 1 0 0 0 0 0 1 1 1
       1139 e92d503f 00000000 2 2 00000000 0 1 0 0 0 0 0 1 1 1
       1140 e92d503f 00000000 2 2 00000000 1 1 0 0 0 0 0 1 1 1
       1141 e92d503f 00000000 2 2 00000000 0 1 0 0 0 0 0 1 1 1
       1142 e92d503f 00000000 2 2 00000000 1 1 0 0 0 0 0 1 1 1
       1143 e3a00202 00000000 2 2 00000000 0 1 1 0 0 0 0 1 1 1
       1144 e3a00202 00000000 2 2 00000000 1 1 1 0 0 0 0 1 1 1
       1145 e3a00202 00000000 2 2 00000000 0 1 0 0 0 0 0 1 1 1
       1146 e3a00202 00000000 2 2 00000000 1 1 0 0 0 0 0 1 1 1
       1147 e3a00202 00000000 2 2 00000000 0 1 0 0 0 0 0 1 1 1
       1148 e3a00202 00000000 2 2 00000000 1 1 0 0 0 0 0 1 1 1
       1149 e3a00202 00000000 2 2 00000000 0 1 0 0 0 0 0 1 1 1
       1150 e3a00202 00000000 2 2 00000000 1 1 0 0 0 0 0 1 1 1
       1151 e3a02049 00000000 2 2 00000000 0 1 1 0 0 0 0 1 1 1
       1152 e3a02049 00000000 2 2 00000000 1 1 1 0 0 0 0 1 1 1
       1153 e3a02049 00000000 2 2 00000000 0 1 0 0 0 0 0 1 1 1
       1154 e3a02049 00000000 2 2 00000000 1 1 0 0 0 0 0 1 1 1
       1155 e3a02049 00000000 2 2 00000000 0 1 0 0 0 0 0 1 1 1
       1156 e3a02049 00000000 2 2 00000000 1 1 0 0 0 0 0 1 1 1
       1157 e3a02049 00000000 2 2 00000000 0 1 0 0 0 0 0 1 1 1
       1158 e3a02049 00000000 2 2 00000000 1 1 0 0 0 0 0 1 1 1
       1159 eafffffe 00000000 2 2 00000000 0 1 1 0 0 0 0 1 1 1
       1160 eafffffe 00000000 2 2 00000000 1 1 1 0 0 0 0 1 1 1
       1161 eafffffe 00000000 2 2 00000000 0 1 0 0 0 0 0 1 1 1
       1162 eafffffe 00000000 2 2 00000000 1 1 0 0 0 0 0 1 1 1
       1163 eafffffe 00000000 2 2 00000000 0 1 0 0 0 0 0 1 1 1
       1164 eafffffe 00000000 2 2 00000000 1 1 0 0 0 0 0 1 1 1
       1165 eafffffe 00000000 2 2 00000000 0 1 0 0 0 0 0 1 1 1
       1166 eafffffe 00000000 2 2 00000000 1 1 0 0 0 0 0 1 1 1
       1167 e92d503f 00000000 2 2 00000000 0 1 1 0 0 0 0 1 1 1
       1168 e92d503f 00000000 2 2 00000000 1 1 1 0 0 0 0 1 1 1
       1169 e92d503f 00000000 2 2 00000000 0 1 0 0 0 0 0 1 1 1
       1170 e92d503f 00000000 2 2 00000000 1 1 0 0 0 0 0 1 1 1
       1171 e92d503f 00000000 2 2 00000000 0 1 0 0 0 0 0 1 1 1
       1172 e92d503f 00000000 2 2 00000000 1 1 0 0 0 0 0 1 1 1
       1173 e92d503f 00000000 2 2 00000000 0 1 0 0 0 0 0 1 1 1
       1174 e92d503f 00000000 2 2 00000000 1 1 0 0 0 0 0 1 1 1
       1175 e3a00202 00000000 2 2 00000000 0 1 1 0 0 0 0 1 1 1
       1176 e3a00202 00000000 2 2 00000000 1 1 1 0 0 0 0 1 1 1
       1177 e3a00202 00000000 2 2 00000000 0 1 0 0 0 0 0 1 1 1
       1178 e3a00202 00000000 2 2 00000000 1 1 0 0 0 0 0 1 1 1
       1179 e3a00202 00000000 2 2 00000000 0 1 0 0 0 0 0 1 1 1
       1180 e3a00202 00000000 2 2 00000000 1 1 0 0 0 0 0 1 1 1
       1181 e3a00202 00000000 2 2 00000000 0 1 0 0 0 0 0 1 1 1
       1182 e3a00202 00000000 2 2 00000000 1 1 0 0 0 0 0 1 1 1
       1183 e3a02049 00000000 2 2 00000000 0 1 1 0 0 0 0 1 1 1
       1184 e3a02049 00000000 2 2 00000000 1 1 1 0 0 0 0 1 1 1
       1185 e3a02049 00000000 2 2 00000000 0 1 0 0 0 0 0 1 1 1
       1186 e3a02049 00000000 2 2 00000000 1 1 0 0 0 0 0 1 1 1
       1187 e3a02049 00000000 2 2 00000000 0 1 0 0 0 0 0 1 1 1
       1188 e3a02049 00000000 2 2 00000000 1 1 0 0 0 0 0 1 1 1
       1189 e3a02049 00000000 2 2 00000000 0 1 0 0 0 0 0 1 1 1
       1190 e3a02049 00000000 2 2 00000000 1 1 0 0 0 0 0 1 1 1
       1191 eafffffe 00000000 2 2 00000000 0 1 1 0 0 0 0 1 1 1
       1192 eafffffe 00000000 2 2 00000000 1 1 1 0 0 0 0 1 1 1
       1193 eafffffe 00000000 2 2 00000000 0 1 0 0 0 0 0 1 1 1
       1194 eafffffe 00000000 2 2 00000000 1 1 0 0 0 0 0 1 1 1
       1195 eafffffe 00000000 2 2 00000000 0 1 0 0 0 0 0 1 1 1
       1196 eafffffe 00000000 2 2 00000000 1 1 0 0 0 0 0 1 1 1
       1197 eafffffe 00000000 2 2 00000000 0 1 0 0 0 0 0 1 1 1
       1198 eafffffe 00000000 2 2 00000000 1 1 0 0 0 0 0 1 1 1
       1199 e92d503f 00000000 2 2 00000000 0 1 1 0 0 0 0 1 1 1
       1200 e92d503f 00000000 2 2 00000000 1 1 1 0 0 0 0 1 1 1
       1201 e92d503f 00000000 2 2 00000000 0 1 0 0 0 0 0 1 1 1
       1202 e92d503f 00000000 2 2 00000000 1 1 0 0 0 0 0 1 1 1
       1203 e92d503f 00000000 2 2 00000000 0 1 0 0 0 0 0 1 1 1
       1204 e92d503f 00000000 2 2 00000000 1 1 0 0 0 0 0 1 1 1
       1205 e92d503f 00000000 2 2 00000000 0 1 0 0 0 0 0 1 1 1
       1206 e92d503f 00000000 2 2 00000000 1 1 0 0 0 0 0 1 1 1
       1207 e3a00202 00000000 2 2 00000000 0 1 1 0 0 0 0 1 1 1
       1208 e3a00202 00000000 2 2 00000000 1 1 1 0 0 0 0 1 1 1
       1209 e3a00202 00000000 2 2 00000000 0 1 0 0 0 0 0 1 1 1
       1210 e3a00202 00000000 2 2 00000000 1 1 0 0 0 0 0 1 1 1
       1211 e3a00202 00000000 2 2 00000000 0 1 0 0 0 0 0 1 1 1
       1212 e3a00202 00000000 2 2 00000000 1 1 0 0 0 0 0 1 1 1
       1213 e3a00202 00000000 2 2 00000000 0 1 0 0 0 0 0 1 1 1
       1214 e3a00202 00000000 2 2 00000000 1 1 0 0 0 0 0 1 1 1
       1215 e3a02049 00000000 2 2 00000000 0 1 1 0 0 0 0 1 1 1
       1216 e3a02049 00000000 2 2 00000000 1 1 1 0 0 0 0 1 1 1
       1217 e3a02049 00000000 2 2 00000000 0 1 0 0 0 0 0 1 1 1
       1218 e3a02049 00000000 2 2 00000000 1 1 0 0 0 0 0 1 1 1
       1219 e3a02049 00000000 2 2 00000000 0 1 0 0 0 0 0 1 1 1
       1220 e3a02049 00000000 2 2 00000000 1 1 0 0 0 0 0 1 1 1
       1221 e3a02049 00000000 2 2 00000000 0 1 0 0 0 0 0 1 1 1
       1222 e3a02049 00000000 2 2 00000000 1 1 0 0 0 0 0 1 1 1
       1223 eafffffe 00000000 2 2 00000000 0 1 1 0 0 0 0 1 1 1
       1224 eafffffe 00000000 2 2 00000000 1 1 1 0 0 0 0 1 1 1
       1225 eafffffe 00000000 2 2 00000000 0 1 0 0 0 0 0 1 1 1
       1226 eafffffe 00000000 2 2 00000000 1 1 0 0 0 0 0 1 1 1
       1227 eafffffe 00000000 2 2 00000000 0 1 0 0 0 0 0 1 1 1
       1228 eafffffe 00000000 2 2 00000000 1 1 0 0 0 0 0 1 1 1
       1229 eafffffe 00000000 2 2 00000000 0 1 0 0 0 0 0 1 1 1
       1230 eafffffe 00000000 2 2 00000000 1 1 0 0 0 0 0 1 1 1
       1231 e92d503f 00000000 2 2 00000000 0 1 1 0 0 0 0 1 1 1
       1232 e92d503f 00000000 2 2 00000000 1 1 1 0 0 0 0 1 1 1
       1233 e92d503f 00000000 2 2 00000000 0 1 0 0 0 0 0 1 1 1
       1234 e92d503f 00000000 2 2 00000000 1 1 0 0 0 0 0 1 1 1
       1235 e92d503f 00000000 2 2 00000000 0 1 0 0 0 0 0 1 1 1
       1236 e92d503f 00000000 2 2 00000000 1 1 0 0 0 0 0 1 1 1
       1237 e92d503f 00000000 2 2 00000000 0 1 0 0 0 0 0 1 1 1
       1238 e92d503f 00000000 2 2 00000000 1 1 0 0 0 0 0 1 1 1
       1239 e3a00202 00000000 2 2 00000000 0 1 1 0 0 0 0 1 1 1
       1240 e3a00202 00000000 2 2 00000000 1 1 1 0 0 0 0 1 1 1
       1241 e3a00202 00000000 2 2 00000000 0 1 0 0 0 0 0 1 1 1
       1242 e3a00202 00000000 2 2 00000000 1 1 0 0 0 0 0 1 1 1
       1243 e3a00202 00000000 2 2 00000000 0 1 0 0 0 0 0 1 1 1
       1244 e3a00202 00000000 2 2 00000000 1 1 0 0 0 0 0 1 1 1
       1245 e3a00202 00000000 2 2 00000000 0 1 0 0 0 0 0 1 1 1
       1246 e3a00202 00000000 2 2 00000000 1 1 0 0 0 0 0 1 1 1
       1247 e3a02049 00000000 2 2 00000000 0 1 1 0 0 0 0 1 1 1
       1248 e3a02049 00000000 2 2 00000000 1 1 1 0 0 0 0 1 1 1
       1249 e3a02049 00000000 2 2 00000000 0 1 0 0 0 0 0 1 1 1
       1250 e3a02049 00000000 2 2 00000000 1 1 0 0 0 0 0 1 1 1
       1251 e3a02049 00000000 2 2 00000000 0 1 0 0 0 0 0 1 1 1
       1252 e3a02049 00000000 2 2 00000000 1 1 0 0 0 0 0 1 1 1
       1253 e3a02049 00000000 2 2 00000000 0 1 0 0 0 0 0 1 1 1
       1254 e3a02049 00000000 2 2 00000000 1 1 0 0 0 0 0 1 1 1
       1255 eafffffe 00000000 2 2 00000000 0 1 1 0 0 0 0 1 1 1
       1256 eafffffe 00000000 2 2 00000000 1 1 1 0 0 0 0 1 1 1
       1257 eafffffe 00000000 2 2 00000000 0 1 0 0 0 0 0 1 1 1
       1258 eafffffe 00000000 2 2 00000000 1 1 0 0 0 0 0 1 1 1
       1259 eafffffe 00000000 2 2 00000000 0 1 0 0 0 0 0 1 1 1
       1260 eafffffe 00000000 2 2 00000000 1 1 0 0 0 0 0 1 1 1
       1261 eafffffe 00000000 2 2 00000000 0 1 0 0 0 0 0 1 1 1
       1262 eafffffe 00000000 2 2 00000000 1 1 0 0 0 0 0 1 1 1
       1263 e92d503f 00000000 2 2 00000000 0 1 1 0 0 0 0 1 1 1
       1264 e92d503f 00000000 2 2 00000000 1 1 1 0 0 0 0 1 1 1
       1265 e92d503f 00000000 2 2 00000000 0 1 0 0 0 0 0 1 1 1
       1266 e92d503f 00000000 2 2 00000000 1 1 0 0 0 0 0 1 1 1
       1267 e92d503f 00000000 2 2 00000000 0 1 0 0 0 0 0 1 1 1
       1268 e92d503f 00000000 2 2 00000000 1 1 0 0 0 0 0 1 1 1
       1269 e92d503f 00000000 2 2 00000000 0 1 0 0 0 0 0 1 1 1
       1270 e92d503f 00000000 2 2 00000000 1 1 0 0 0 0 0 1 1 1
       1271 e3a00202 00000000 2 2 00000000 0 1 1 0 0 0 0 1 1 1
       1272 e3a00202 00000000 2 2 00000000 1 1 1 0 0 0 0 1 1 1
       1273 e3a00202 00000000 2 2 00000000 0 1 0 0 0 0 0 1 1 1
       1274 e3a00202 00000000 2 2 00000000 1 1 0 0 0 0 0 1 1 1
       1275 e3a00202 00000000 2 2 00000000 0 1 0 0 0 0 0 1 1 1
       1276 e3a00202 00000000 2 2 00000000 1 1 0 0 0 0 0 1 1 1
       1277 e3a00202 00000000 2 2 00000000 0 1 0 0 0 0 0 1 1 1
       1278 e3a00202 00000000 2 2 00000000 1 1 0 0 0 0 0 1 1 1
       1279 e3a02049 00000000 2 2 00000000 0 1 1 0 0 0 0 1 1 1
       1280 e3a02049 00000000 2 2 00000000 1 1 1 0 0 0 0 1 1 1
       1281 e3a02049 00000000 2 2 00000000 0 1 0 0 0 0 0 1 1 1
       1282 e3a02049 00000000 2 2 00000000 1 1 0 0 0 0 0 1 1 1
       1283 e3a02049 00000000 2 2 00000000 0 1 0 0 0 0 0 1 1 1
       1284 e3a02049 00000000 2 2 00000000 1 1 0 0 0 0 0 1 1 1
       1285 e3a02049 00000000 2 2 00000000 0 1 0 0 0 0 0 1 1 1
       1286 e3a02049 00000000 2 2 00000000 1 1 0 0 0 0 0 1 1 1
       1287 eafffffe 00000000 2 2 00000000 0 1 1 0 0 0 0 1 1 1
       1288 eafffffe 00000000 2 2 00000000 1 1 1 0 0 0 0 1 1 1
       1289 eafffffe 00000000 2 2 00000000 0 1 0 0 0 0 0 1 1 1
       1290 eafffffe 00000000 2 2 00000000 1 1 0 0 0 0 0 1 1 1
       1291 eafffffe 00000000 2 2 00000000 0 1 0 0 0 0 0 1 1 1
       1292 eafffffe 00000000 2 2 00000000 1 1 0 0 0 0 0 1 1 1
       1293 eafffffe 00000000 2 2 00000000 0 1 0 0 0 0 0 1 1 1
       1294 eafffffe 00000000 2 2 00000000 1 1 0 0 0 0 0 1 1 1
       1295 e92d503f 00000000 2 2 00000000 0 1 1 0 0 0 0 1 1 1
       1296 e92d503f 00000000 2 2 00000000 1 1 1 0 0 0 0 1 1 1
       1297 e92d503f 00000000 2 2 00000000 0 1 0 0 0 0 0 1 1 1
       1298 e92d503f 00000000 2 2 00000000 1 1 0 0 0 0 0 1 1 1
       1299 e92d503f 00000000 2 2 00000000 0 1 0 0 0 0 0 1 1 1
       1300 e92d503f 00000000 2 2 00000000 1 1 0 0 0 0 0 1 1 1
       1301 e92d503f 00000000 2 2 00000000 0 1 0 0 0 0 0 1 1 1
       1302 e92d503f 00000000 2 2 00000000 1 1 0 0 0 0 0 1 1 1
       1303 e3a00202 00000000 2 2 00000000 0 1 1 0 0 0 0 1 1 1
       1304 e3a00202 00000000 2 2 00000000 1 1 1 0 0 0 0 1 1 1
       1305 e3a00202 00000000 2 2 00000000 0 1 0 0 0 0 0 1 1 1
       1306 e3a00202 00000000 2 2 00000000 1 1 0 0 0 0 0 1 1 1
       1307 e3a00202 00000000 2 2 00000000 0 1 0 0 0 0 0 1 1 1
       1308 e3a00202 00000000 2 2 00000000 1 1 0 0 0 0 0 1 1 1
       1309 e3a00202 00000000 2 2 00000000 0 1 0 0 0 0 0 1 1 1
       1310 e3a00202 00000000 2 2 00000000 1 1 0 0 0 0 0 1 1 1
       1311 e3a02049 00000000 2 2 00000000 0 1 1 0 0 0 0 1 1 1
       1312 e3a02049 00000000 2 2 00000000 1 1 1 0 0 0 0 1 1 1
       1313 e3a02049 00000000 2 2 00000000 0 1 0 0 0 0 0 1 1 1
       1314 e3a02049 00000000 2 2 00000000 1 1 0 0 0 0 0 1 1 1
       1315 e3a02049 00000000 2 2 00000000 0 1 0 0 0 0 0 1 1 1
       1316 e3a02049 00000000 2 2 00000000 1 1 0 0 0 0 0 1 1 1
       1317 e3a02049 00000000 2 2 00000000 0 1 0 0 0 0 0 1 1 1
       1318 e3a02049 00000000 2 2 00000000 1 1 0 0 0 0 0 1 1 1
       1319 eafffffe 00000000 2 2 00000000 0 1 1 0 0 0 0 1 1 1
       1320 eafffffe 00000000 2 2 00000000 1 1 1 0 0 0 0 1 1 1
       1321 eafffffe 00000000 2 2 00000000 0 1 0 0 0 0 0 1 1 1
       1322 eafffffe 00000000 2 2 00000000 1 1 0 0 0 0 0 1 1 1
       1323 eafffffe 00000000 2 2 00000000 0 1 0 0 0 0 0 1 1 1
       1324 eafffffe 00000000 2 2 00000000 1 1 0 0 0 0 0 1 1 1
       1325 eafffffe 00000000 2 2 00000000 0 1 0 0 0 0 0 1 1 1
       1326 eafffffe 00000000 2 2 00000000 1 1 0 0 0 0 0 1 1 1
       1327 e92d503f 00000000 2 2 00000000 0 1 1 0 0 0 0 1 1 1
       1328 e92d503f 00000000 2 2 00000000 1 1 1 0 0 0 0 1 1 1
       1329 e92d503f 00000000 2 2 00000000 0 1 0 0 0 0 0 1 1 1
       1330 e92d503f 00000000 2 2 00000000 1 1 0 0 0 0 0 1 1 1
       1331 e92d503f 00000000 2 2 00000000 0 1 0 0 0 0 0 1 1 1
       1332 e92d503f 00000000 2 2 00000000 1 1 0 0 0 0 0 1 1 1
       1333 e92d503f 00000000 2 2 00000000 0 1 0 0 0 0 0 1 1 1
       1334 e92d503f 00000000 2 2 00000000 1 1 0 0 0 0 0 1 1 1
       1335 e3a00202 00000000 2 2 00000000 0 1 1 0 0 0 0 1 1 1
       1336 e3a00202 00000000 2 2 00000000 1 1 1 0 0 0 0 1 1 1
       1337 e3a00202 00000000 2 2 00000000 0 1 0 0 0 0 0 1 1 1
       1338 e3a00202 00000000 2 2 00000000 1 1 0 0 0 0 0 1 1 1
       1339 e3a00202 00000000 2 2 00000000 0 1 0 0 0 0 0 1 1 1
       1340 e3a00202 00000000 2 2 00000000 1 1 0 0 0 0 0 1 1 1
       1341 e3a00202 00000000 2 2 00000000 0 1 0 0 0 0 0 1 1 1
       1342 e3a00202 00000000 2 2 00000000 1 1 0 0 0 0 0 1 1 1
       1343 e3a02049 00000000 2 2 00000000 0 1 1 0 0 0 0 1 1 1
       1344 e3a02049 00000000 2 2 00000000 1 1 1 0 0 0 0 1 1 1
       1345 e3a02049 00000000 2 2 00000000 0 1 0 0 0 0 0 1 1 1
       1346 e3a02049 00000000 2 2 00000000 1 1 0 0 0 0 0 1 1 1
       1347 e3a02049 00000000 2 2 00000000 0 1 0 0 0 0 0 1 1 1
       1348 e3a02049 00000000 2 2 00000000 1 1 0 0 0 0 0 1 1 1
       1349 e3a02049 00000000 2 2 00000000 0 1 0 0 0 0 0 1 1 1
       1350 e3a02049 00000000 2 2 00000000 1 1 0 0 0 0 0 1 1 1
       1351 eafffffe 00000000 2 2 00000000 0 1 1 0 0 0 0 1 1 1
       1352 eafffffe 00000000 2 2 00000000 1 1 1 0 0 0 0 1 1 1
       1353 eafffffe 00000000 2 2 00000000 0 1 0 0 0 0 0 1 1 1
       1354 eafffffe 00000000 2 2 00000000 1 1 0 0 0 0 0 1 1 1
       1355 eafffffe 00000000 2 2 00000000 0 1 0 0 0 0 0 1 1 1
       1356 eafffffe 00000000 2 2 00000000 1 1 0 0 0 0 0 1 1 1
       1357 eafffffe 00000000 2 2 00000000 0 1 0 0 0 0 0 1 1 1
       1358 eafffffe 00000000 2 2 00000000 1 1 0 0 0 0 0 1 1 1
       1359 e92d503f 00000000 2 2 00000000 0 1 1 0 0 0 0 1 1 1
       1360 e92d503f 00000000 2 2 00000000 1 1 1 0 0 0 0 1 1 1
       1361 e92d503f 00000000 2 2 00000000 0 1 0 0 0 0 0 1 1 1
       1362 e92d503f 00000000 2 2 00000000 1 1 0 0 0 0 0 1 1 1
       1363 e92d503f 00000000 2 2 00000000 0 1 0 0 0 0 0 1 1 1
       1364 e92d503f 00000000 2 2 00000000 1 1 0 0 0 0 0 1 1 1
       1365 e92d503f 00000000 2 2 00000000 0 1 0 0 0 0 0 1 1 1
       1366 e92d503f 00000000 2 2 00000000 1 1 0 0 0 0 0 1 1 1
       1367 e3a00202 00000000 2 2 00000000 0 1 1 0 0 0 0 1 1 1
       1368 e3a00202 00000000 2 2 00000000 1 1 1 0 0 0 0 1 1 1
       1369 e3a00202 00000000 2 2 00000000 0 1 0 0 0 0 0 1 1 1
       1370 e3a00202 00000000 2 2 00000000 1 1 0 0 0 0 0 1 1 1
       1371 e3a00202 00000000 2 2 00000000 0 1 0 0 0 0 0 1 1 1
       1372 e3a00202 00000000 2 2 00000000 1 1 0 0 0 0 0 1 1 1
       1373 e3a00202 00000000 2 2 00000000 0 1 0 0 0 0 0 1 1 1
       1374 e3a00202 00000000 2 2 00000000 1 1 0 0 0 0 0 1 1 1
       1375 e3a02049 00000000 2 2 00000000 0 1 1 0 0 0 0 1 1 1
       1376 e3a02049 00000000 2 2 00000000 1 1 1 0 0 0 0 1 1 1
       1377 e3a02049 00000000 2 2 00000000 0 1 0 0 0 0 0 1 1 1
       1378 e3a02049 00000000 2 2 00000000 1 1 0 0 0 0 0 1 1 1
       1379 e3a02049 00000000 2 2 00000000 0 1 0 0 0 0 0 1 1 1
       1380 e3a02049 00000000 2 2 00000000 1 1 0 0 0 0 0 1 1 1
       1381 e3a02049 00000000 2 2 00000000 0 1 0 0 0 0 0 1 1 1
       1382 e3a02049 00000000 2 2 00000000 1 1 0 0 0 0 0 1 1 1
       1383 eafffffe 00000000 2 2 00000000 0 1 1 0 0 0 0 1 1 1
       1384 eafffffe 00000000 2 2 00000000 1 1 1 0 0 0 0 1 1 1
       1385 eafffffe 00000000 2 2 00000000 0 1 0 0 0 0 0 1 1 1
       1386 eafffffe 00000000 2 2 00000000 1 1 0 0 0 0 0 1 1 1
       1387 eafffffe 00000000 2 2 00000000 0 1 0 0 0 0 0 1 1 1
       1388 eafffffe 00000000 2 2 00000000 1 1 0 0 0 0 0 1 1 1
       1389 eafffffe 00000000 2 2 00000000 0 1 0 0 0 0 0 1 1 1
       1390 eafffffe 00000000 2 2 00000000 1 1 0 0 0 0 0 1 1 1
       1391 e92d503f 00000000 2 2 00000000 0 1 1 0 0 0 0 1 1 1
       1392 e92d503f 00000000 2 2 00000000 1 1 1 0 0 0 0 1 1 1
       1393 e92d503f 00000000 2 2 00000000 0 1 0 0 0 0 0 1 1 1
       1394 e92d503f 00000000 2 2 00000000 1 1 0 0 0 0 0 1 1 1
       1395 e92d503f 00000000 2 2 00000000 0 1 0 0 0 0 0 1 1 1
       1396 e92d503f 00000000 2 2 00000000 1 1 0 0 0 0 0 1 1 1
       1397 e92d503f 00000000 2 2 00000000 0 1 0 0 0 0 0 1 1 1
       1398 e92d503f 00000000 2 2 00000000 1 1 0 0 0 0 0 1 1 1
       1399 e3a00202 00000000 2 2 00000000 0 1 1 0 0 0 0 1 1 1
       1400 e3a00202 00000000 2 2 00000000 1 1 1 0 0 0 0 1 1 1
       1401 e3a00202 00000000 2 2 00000000 0 1 0 0 0 0 0 1 1 1
       1402 e3a00202 00000000 2 2 00000000 1 1 0 0 0 0 0 1 1 1
       1403 e3a00202 00000000 2 2 00000000 0 1 0 0 0 0 0 1 1 1
       1404 e3a00202 00000000 2 2 00000000 1 1 0 0 0 0 0 1 1 1
       1405 e3a00202 00000000 2 2 00000000 0 1 0 0 0 0 0 1 1 1
       1406 e3a00202 00000000 2 2 00000000 1 1 0 0 0 0 0 1 1 1
       1407 e3a02049 00000000 2 2 00000000 0 1 1 0 0 0 0 1 1 1
       1408 e3a02049 00000000 2 2 00000000 1 1 1 0 0 0 0 1 1 1
       1409 e3a02049 00000000 2 2 00000000 0 1 0 0 0 0 0 1 1 1
       1410 e3a02049 00000000 2 2 00000000 1 1 0 0 0 0 0 1 1 1
       1411 e3a02049 00000000 2 2 00000000 0 1 0 0 0 0 0 1 1 1
       1412 e3a02049 00000000 2 2 00000000 1 1 0 0 0 0 0 1 1 1
       1413 e3a02049 00000000 2 2 00000000 0 1 0 0 0 0 0 1 1 1
       1414 e3a02049 00000000 2 2 00000000 1 1 0 0 0 0 0 1 1 1
       1415 eafffffe 00000000 2 2 00000000 0 1 1 0 0 0 0 1 1 1
       1416 eafffffe 00000000 2 2 00000000 1 1 1 0 0 0 0 1 1 1
       1417 eafffffe 00000000 2 2 00000000 0 1 0 0 0 0 0 1 1 1
       1418 eafffffe 00000000 2 2 00000000 1 1 0 0 0 0 0 1 1 1
       1419 eafffffe 00000000 2 2 00000000 0 1 0 0 0 0 0 1 1 1
       1420 eafffffe 00000000 2 2 00000000 1 1 0 0 0 0 0 1 1 1
       1421 eafffffe 00000000 2 2 00000000 0 1 0 0 0 0 0 1 1 1
       1422 eafffffe 00000000 2 2 00000000 1 1 0 0 0 0 0 1 1 1
       1423 e92d503f 00000000 2 2 00000000 0 1 1 0 0 0 0 1 1 1
       1424 e92d503f 00000000 2 2 00000000 1 1 1 0 0 0 0 1 1 1
       1425 e92d503f 00000000 2 2 00000000 0 1 0 0 0 0 0 1 1 1
       1426 e92d503f 00000000 2 2 00000000 1 1 0 0 0 0 0 1 1 1
       1427 e92d503f 00000000 2 2 00000000 0 1 0 0 0 0 0 1 1 1
       1428 e92d503f 00000000 2 2 00000000 1 1 0 0 0 0 0 1 1 1
       1429 e92d503f 00000000 2 2 00000000 0 1 0 0 0 0 0 1 1 1
       1430 e92d503f 00000000 2 2 00000000 1 1 0 0 0 0 0 1 1 1
       1431 e3a00202 00000000 2 2 00000000 0 1 1 0 0 0 0 1 1 1
       1432 e3a00202 00000000 2 2 00000000 1 1 1 0 0 0 0 1 1 1
       1433 e3a00202 00000000 2 2 00000000 0 1 0 0 0 0 0 1 1 1
       1434 e3a00202 00000000 2 2 00000000 1 1 0 0 0 0 0 1 1 1
       1435 e3a00202 00000000 2 2 00000000 0 1 0 0 0 0 0 1 1 1
       1436 e3a00202 00000000 2 2 00000000 1 1 0 0 0 0 0 1 1 1
       1437 e3a00202 00000000 2 2 00000000 0 1 0 0 0 0 0 1 1 1
       1438 e3a00202 00000000 2 2 00000000 1 1 0 0 0 0 0 1 1 1
       1439 e3a02049 00000000 2 2 00000000 0 1 1 0 0 0 0 1 1 1
       1440 e3a02049 00000000 2 2 00000000 1 1 1 0 0 0 0 1 1 1
       1441 e3a02049 00000000 2 2 00000000 0 1 0 0 0 0 0 1 1 1
       1442 e3a02049 00000000 2 2 00000000 1 1 0 0 0 0 0 1 1 1
       1443 e3a02049 00000000 2 2 00000000 0 1 0 0 0 0 0 1 1 1
       1444 e3a02049 00000000 2 2 00000000 1 1 0 0 0 0 0 1 1 1
       1445 e3a02049 00000000 2 2 00000000 0 1 0 0 0 0 0 1 1 1
       1446 e3a02049 00000000 2 2 00000000 1 1 0 0 0 0 0 1 1 1
       1447 eafffffe 00000000 2 2 00000000 0 1 1 0 0 0 0 1 1 1
       1448 eafffffe 00000000 2 2 00000000 1 1 1 0 0 0 0 1 1 1
       1449 eafffffe 00000000 2 2 00000000 0 1 0 0 0 0 0 1 1 1
       1450 eafffffe 00000000 2 2 00000000 1 1 0 0 0 0 0 1 1 1
       1451 eafffffe 00000000 2 2 00000000 0 1 0 0 0 0 0 1 1 1
       1452 eafffffe 00000000 2 2 00000000 1 1 0 0 0 0 0 1 1 1
       1453 eafffffe 00000000 2 2 00000000 0 1 0 0 0 0 0 1 1 1
       1454 eafffffe 00000000 2 2 00000000 1 1 0 0 0 0 0 1 1 1
       1455 e92d503f 00000000 2 2 00000000 0 1 1 0 0 0 0 1 1 1
       1456 e92d503f 00000000 2 2 00000000 1 1 1 0 0 0 0 1 1 1
       1457 e92d503f 00000000 2 2 00000000 0 1 0 0 0 0 0 1 1 1
       1458 e92d503f 00000000 2 2 00000000 1 1 0 0 0 0 0 1 1 1
       1459 e92d503f 00000000 2 2 00000000 0 1 0 0 0 0 0 1 1 1
       1460 e92d503f 00000000 2 2 00000000 1 1 0 0 0 0 0 1 1 1
       1461 e92d503f 00000000 2 2 00000000 0 1 0 0 0 0 0 1 1 1
       1462 e92d503f 00000000 2 2 00000000 1 1 0 0 0 0 0 1 1 1
       1463 e3a00202 00000000 2 2 00000000 0 1 1 0 0 0 0 1 1 1
       1464 e3a00202 00000000 2 2 00000000 1 1 1 0 0 0 0 1 1 1
       1465 e3a00202 00000000 2 2 00000000 0 1 0 0 0 0 0 1 1 1
       1466 e3a00202 00000000 2 2 00000000 1 1 0 0 0 0 0 1 1 1
       1467 e3a00202 00000000 2 2 00000000 0 1 0 0 0 0 0 1 1 1
       1468 e3a00202 00000000 2 2 00000000 1 1 0 0 0 0 0 1 1 1
       1469 e3a00202 00000000 2 2 00000000 0 1 0 0 0 0 0 1 1 1
       1470 e3a00202 00000000 2 2 00000000 1 1 0 0 0 0 0 1 1 1
       1471 e3a02049 00000000 2 2 00000000 0 1 1 0 0 0 0 1 1 1
       1472 e3a02049 00000000 2 2 00000000 1 1 1 0 0 0 0 1 1 1
       1473 e3a02049 00000000 2 2 00000000 0 1 0 0 0 0 0 1 1 1
       1474 e3a02049 00000000 2 2 00000000 1 1 0 0 0 0 0 1 1 1
       1475 e3a02049 00000000 2 2 00000000 0 1 0 0 0 0 0 1 1 1
       1476 e3a02049 00000000 2 2 00000000 1 1 0 0 0 0 0 1 1 1
       1477 e3a02049 00000000 2 2 00000000 0 1 0 0 0 0 0 1 1 1
       1478 e3a02049 00000000 2 2 00000000 1 1 0 0 0 0 0 1 1 1
       1479 eafffffe 00000000 2 2 00000000 0 1 1 0 0 0 0 1 1 1
       1480 eafffffe 00000000 2 2 00000000 1 1 1 0 0 0 0 1 1 1
       1481 eafffffe 00000000 2 2 00000000 0 1 0 0 0 0 0 1 1 1
       1482 eafffffe 00000000 2 2 00000000 1 1 0 0 0 0 0 1 1 1
       1483 eafffffe 00000000 2 2 00000000 0 1 0 0 0 0 0 1 1 1
       1484 eafffffe 00000000 2 2 00000000 1 1 0 0 0 0 0 1 1 1
       1485 eafffffe 00000000 2 2 00000000 0 1 0 0 0 0 0 1 1 1
       1486 eafffffe 00000000 2 2 00000000 1 1 0 0 0 0 0 1 1 1
       1487 e92d503f 00000000 2 2 00000000 0 1 1 0 0 0 0 1 1 1
       1488 e92d503f 00000000 2 2 00000000 1 1 1 0 0 0 0 1 1 1
       1489 e92d503f 00000000 2 2 00000000 0 1 0 0 0 0 0 1 1 1
       1490 e92d503f 00000000 2 2 00000000 1 1 0 0 0 0 0 1 1 1
       1491 e92d503f 00000000 2 2 00000000 0 1 0 0 0 0 0 1 1 1
       1492 e92d503f 00000000 2 2 00000000 1 1 0 0 0 0 0 1 1 1
       1493 e92d503f 00000000 2 2 00000000 0 1 0 0 0 0 0 1 1 1
       1494 e92d503f 00000000 2 2 00000000 1 1 0 0 0 0 0 1 1 1
       1495 e3a00202 00000000 2 2 00000000 0 1 1 0 0 0 0 1 1 1
       1496 e3a00202 00000000 2 2 00000000 1 1 1 0 0 0 0 1 1 1
       1497 e3a00202 00000000 2 2 00000000 0 1 0 0 0 0 0 1 1 1
       1498 e3a00202 00000000 2 2 00000000 1 1 0 0 0 0 0 1 1 1
       1499 e3a00202 00000000 2 2 00000000 0 1 0 0 0 0 0 1 1 1
       1500 e3a00202 00000000 2 2 00000000 1 1 0 0 0 0 0 1 1 1
       1501 e3a00202 00000000 2 2 00000000 0 1 0 0 0 0 0 1 1 1
       1502 e3a00202 00000000 2 2 00000000 1 1 0 0 0 0 0 1 1 1
       1503 e3a02049 00000000 2 2 00000000 0 1 1 0 0 0 0 1 1 1
       1504 e3a02049 00000000 2 2 00000000 1 1 1 0 0 0 0 1 1 1
       1505 e3a02049 00000000 2 2 00000000 0 1 0 0 0 0 0 1 1 1
       1506 e3a02049 00000000 2 2 00000000 1 1 0 0 0 0 0 1 1 1
       1507 e3a02049 00000000 2 2 00000000 0 1 0 0 0 0 0 1 1 1
       1508 e3a02049 00000000 2 2 00000000 1 1 0 0 0 0 0 1 1 1
       1509 e3a02049 00000000 2 2 00000000 0 1 0 0 0 0 0 1 1 1
       1510 e3a02049 00000000 2 2 00000000 1 1 0 0 0 0 0 1 1 1
       1511 eafffffe 00000000 2 2 00000000 0 1 1 0 0 0 0 1 1 1
       1512 eafffffe 00000000 2 2 00000000 1 1 1 0 0 0 0 1 1 1
       1513 eafffffe 00000000 2 2 00000000 0 1 0 0 0 0 0 1 1 1
       1514 eafffffe 00000000 2 2 00000000 1 1 0 0 0 0 0 1 1 1
       1515 eafffffe 00000000 2 2 00000000 0 1 0 0 0 0 0 1 1 1
       1516 eafffffe 00000000 2 2 00000000 1 1 0 0 0 0 0 1 1 1
       1517 eafffffe 00000000 2 2 00000000 0 1 0 0 0 0 0 1 1 1
       1518 eafffffe 00000000 2 2 00000000 1 1 0 0 0 0 0 1 1 1
       1519 e92d503f 00000000 2 2 00000000 0 1 1 0 0 0 0 1 1 1
       1520 e92d503f 00000000 2 2 00000000 1 1 1 0 0 0 0 1 1 1
       1521 e92d503f 00000000 2 2 00000000 0 1 0 0 0 0 0 1 1 1
       1522 e92d503f 00000000 2 2 00000000 1 1 0 0 0 0 0 1 1 1
       1523 e92d503f 00000000 2 2 00000000 0 1 0 0 0 0 0 1 1 1
       1524 e92d503f 00000000 2 2 00000000 1 1 0 0 0 0 0 1 1 1
       1525 e92d503f 00000000 2 2 00000000 0 1 0 0 0 0 0 1 1 1
       1526 e92d503f 00000000 2 2 00000000 1 1 0 0 0 0 0 1 1 1
       1527 e3a00202 00000000 2 2 00000000 0 1 1 0 0 0 0 1 1 1
       1528 e3a00202 00000000 2 2 00000000 1 1 1 0 0 0 0 1 1 1
       1529 e3a00202 00000000 2 2 00000000 0 1 0 0 0 0 0 1 1 1
       1530 e3a00202 00000000 2 2 00000000 1 1 0 0 0 0 0 1 1 1
       1531 e3a00202 00000000 2 2 00000000 0 1 0 0 0 0 0 1 1 1
       1532 e3a00202 00000000 2 2 00000000 1 1 0 0 0 0 0 1 1 1
       1533 e3a00202 00000000 2 2 00000000 0 1 0 0 0 0 0 1 1 1
       1534 e3a00202 00000000 2 2 00000000 1 1 0 0 0 0 0 1 1 1
       1535 e3a02049 00000000 2 2 00000000 0 1 1 0 0 0 0 1 1 1
       1536 e3a02049 00000000 2 2 00000000 1 1 1 0 0 0 0 1 1 1
       1537 e3a02049 00000000 2 2 00000000 0 1 0 0 0 0 0 1 1 1
       1538 e3a02049 00000000 2 2 00000000 1 1 0 0 0 0 0 1 1 1
       1539 e3a02049 00000000 2 2 00000000 0 1 0 0 0 0 0 1 1 1
       1540 e3a02049 00000000 2 2 00000000 1 1 0 0 0 0 0 1 1 1
       1541 e3a02049 00000000 2 2 00000000 0 1 0 0 0 0 0 1 1 1
       1542 e3a02049 00000000 2 2 00000000 1 1 0 0 0 0 0 1 1 1
       1543 eafffffe 00000000 2 2 00000000 0 1 1 0 0 0 0 1 1 1
       1544 eafffffe 00000000 2 2 00000000 1 1 1 0 0 0 0 1 1 1
       1545 eafffffe 00000000 2 2 00000000 0 1 0 0 0 0 0 1 1 1
       1546 eafffffe 00000000 2 2 00000000 1 1 0 0 0 0 0 1 1 1
       1547 eafffffe 00000000 2 2 00000000 0 1 0 0 0 0 0 1 1 1
       1548 eafffffe 00000000 2 2 00000000 1 1 0 0 0 0 0 1 1 1
       1549 eafffffe 00000000 2 2 00000000 0 1 0 0 0 0 0 1 1 1
       1550 eafffffe 00000000 2 2 00000000 1 1 0 0 0 0 0 1 1 1
       1551 e92d503f 00000000 2 2 00000000 0 1 1 0 0 0 0 1 1 1
       1552 e92d503f 00000000 2 2 00000000 1 1 1 0 0 0 0 1 1 1
       1553 e92d503f 00000000 2 2 00000000 0 1 0 0 0 0 0 1 1 1
       1554 e92d503f 00000000 2 2 00000000 1 1 0 0 0 0 0 1 1 1
       1555 e92d503f 00000000 2 2 00000000 0 1 0 0 0 0 0 1 1 1
       1556 e92d503f 00000000 2 2 00000000 1 1 0 0 0 0 0 1 1 1
       1557 e92d503f 00000000 2 2 00000000 0 1 0 0 0 0 0 1 1 1
       1558 e92d503f 00000000 2 2 00000000 1 1 0 0 0 0 0 1 1 1
       1559 e3a00202 00000000 2 2 00000000 0 1 1 0 0 0 0 1 1 1
       1560 e3a00202 00000000 2 2 00000000 1 1 1 0 0 0 0 1 1 1
       1561 e3a00202 00000000 2 2 00000000 0 1 0 0 0 0 0 1 1 1
       1562 e3a00202 00000000 2 2 00000000 1 1 0 0 0 0 0 1 1 1
       1563 e3a00202 00000000 2 2 00000000 0 1 0 0 0 0 0 1 1 1
       1564 e3a00202 00000000 2 2 00000000 1 1 0 0 0 0 0 1 1 1
       1565 e3a00202 00000000 2 2 00000000 0 1 0 0 0 0 0 1 1 1
       1566 e3a00202 00000000 2 2 00000000 1 1 0 0 0 0 0 1 1 1
       1567 e3a02049 00000000 2 2 00000000 0 1 1 0 0 0 0 1 1 1
       1568 e3a02049 00000000 2 2 00000000 1 1 1 0 0 0 0 1 1 1
       1569 e3a02049 00000000 2 2 00000000 0 1 0 0 0 0 0 1 1 1
       1570 e3a02049 00000000 2 2 00000000 1 1 0 0 0 0 0 1 1 1
       1571 e3a02049 00000000 2 2 00000000 0 1 0 0 0 0 0 1 1 1
       1572 e3a02049 00000000 2 2 00000000 1 1 0 0 0 0 0 1 1 1
       1573 e3a02049 00000000 2 2 00000000 0 1 0 0 0 0 0 1 1 1
       1574 e3a02049 00000000 2 2 00000000 1 1 0 0 0 0 0 1 1 1
       1575 eafffffe 00000000 2 2 00000000 0 1 1 0 0 0 0 1 1 1
       1576 eafffffe 00000000 2 2 00000000 1 1 1 0 0 0 0 1 1 1
       1577 eafffffe 00000000 2 2 00000000 0 1 0 0 0 0 0 1 1 1
       1578 eafffffe 00000000 2 2 00000000 1 1 0 0 0 0 0 1 1 1
       1579 eafffffe 00000000 2 2 00000000 0 1 0 0 0 0 0 1 1 1
