0a48656c6c6f0945415359210a54696d
65720957616b655570210a4532314532
31453231453231453231453231453231
45323145323145323145323145323145
32314532314532314532314532314532
31453231453231453231453231453231
45323145323145323145323145323145
32314532314532314532314532314532
31453231453231453231453231453231
45323145323145323145323145323145
32314532314532314532314532314532
31453231453231453231453231453231
45323145323145323145323145323145
32314532314532314532314532314532
31453231453231453231453231453231
45323145323145323145323145323145
32314532314532314532314532314532
31453231453231453231453231453231
45323145323145323145323145323145
323145323145323145323145323145