          1 00000000 00000000 2 2 00000000 0 1 1 0 0 0 0 1 1 1
          2 00000000 00000000 2 2 00000000 1 1 1 0 0 0 0 1 1 1
          3 00000000 00000000 2 2 00000000 0 1 0 0 0 0 0 1 1 1
          4 00000000 00000000 2 2 00000000 1 1 0 0 0 0 0 1 1 1
          5 00000000 00000000 2 2 00000000 0 1 0 0 0 0 0 1 1 1
          6 00000000 00000000 2 2 00000000 1 1 0 0 0 0 0 1 1 1
          7 ea000006 00000000 2 2 00000000 0 1 1 0 0 0 0 1 1 1
          8 ea000006 00000000 2 2 00000000 1 1 1 0 0 0 0 1 1 1
          9 ea000006 00000000 2 2 00000000 0 1 0 0 0 0 0 1 1 1
         10 ea000006 00000000 2 2 00000000 1 1 0 0 0 0 0 1 1 1
         11 ea000006 00000000 2 2 00000000 0 1 0 0 0 0 0 1 1 1
         12 ea000006 00000000 2 2 00000000 1 1 0 0 0 0 0 1 1 1
         13 e1a00000 00000000 2 2 00000000 0 1 1 0 0 0 0 1 1 1
         14 e1a00000 00000000 2 2 00000000 1 1 1 0 0 0 0 1 1 1
         15 e1a00000 00000000 2 2 00000000 0 1 0 0 0 0 0 1 1 1
         16 e1a00000 00000000 2 2 00000000 1 1 0 0 0 0 0 1 1 1
         17 e1a00000 00000000 2 2 00000000 0 1 0 0 0 0 0 1 1 1
         18 e1a00000 00000000 2 2 00000000 1 1 0 0 0 0 0 1 1 1
         19 e1a00000 00000000 2 2 00000000 0 1 1 0 0 0 0 1 1 1
         20 e1a00000 00000000 2 2 00000000 1 1 1 0 0 0 0 1 1 1
         21 e1a00000 00000000 2 2 00000000 0 1 0 0 0 0 0 1 1 1
         22 e1a00000 00000000 2 2 00000000 1 1 0 0 0 0 0 1 1 1
         23 e1a00000 00000000 2 2 00000000 0 1 0 0 0 0 0 1 1 1
         24 e1a00000 00000000 2 2 00000000 1 1 0 0 0 0 0 1 1 1
         25 e1a00000 00000000 2 2 00000000 0 1 1 0 0 0 0 1 1 1
         26 e1a00000 00000000 2 2 00000000 1 1 1 0 0 0 0 1 1 1
         27 e1a00000 00000000 2 2 00000000 0 1 0 0 0 0 0 1 1 1
         28 e1a00000 00000000 2 2 00000000 1 1 0 0 0 0 0 1 1 1
         29 e1a00000 00000000 2 2 00000000 0 1 0 0 0 0 0 1 1 1
         30 e1a00000 00000000 2 2 00000000 1 1 0 0 0 0 0 1 1 1
         31 e3a00801 00000000 2 2 00000000 0 1 1 0 0 0 0 1 1 1
         32 e3a00801 00000000 2 2 00000000 1 1 1 0 0 0 0 1 1 1
         33 e3a00801 00000000 2 2 00000000 0 1 0 0 0 0 0 1 1 1
         34 e3a00801 00000000 2 2 00000000 1 1 0 0 0 0 0 1 1 1
         35 e3a00801 00000000 2 2 00000000 0 1 0 0 0 0 0 1 1 1
         36 e3a00801 00000000 2 2 00000000 1 1 0 0 0 0 0 1 1 1
         37 e1a0d000 00000000 2 2 00000000 0 1 1 0 0 0 0 1 1 1
         38 e1a0d000 00000000 2 2 00000000 1 1 1 0 0 0 0 1 1 1
         39 e1a0d000 00000000 2 2 00000000 0 1 0 0 0 0 0 1 1 1
         40 e1a0d000 00000000 2 2 00000000 1 1 0 0 0 0 0 1 1 1
         41 e1a0d000 00000000 2 2 00000000 0 1 0 0 0 0 0 1 1 1
         42 e1a0d000 00000000 2 2 00000000 1 1 0 0 0 0 0 1 1 1
         43 e10f0000 00000000 2 2 00000000 0 1 1 0 0 0 0 1 1 1
         44 e10f0000 00000000 2 2 00000000 1 1 1 0 0 0 0 1 1 1
         45 e10f0000 00000000 2 2 00000000 0 1 0 0 0 0 0 1 1 1
         46 e10f0000 00000000 2 2 00000000 1 1 0 0 0 0 0 1 1 1
         47 e10f0000 00000000 2 2 00000000 0 1 0 0 0 0 0 1 1 1
         48 e10f0000 00000000 2 2 00000000 1 1 0 0 0 0 0 1 1 1
         49 e3c00001 00000000 2 2 00000000 0 1 1 0 0 0 0 1 1 1
         50 e3c00001 00000000 2 2 00000000 1 1 1 0 0 0 0 1 1 1
         51 e3c00001 00000000 2 2 00000000 0 1 0 0 0 0 0 1 1 1
         52 e3c00001 00000000 2 2 00000000 1 1 0 0 0 0 0 1 1 1
         53 e3c00001 00000000 2 2 00000000 0 1 0 0 0 0 0 1 1 1
         54 e3c00001 00000000 2 2 00000000 1 1 0 0 0 0 0 1 1 1
         55 e129f000 00000000 2 2 00000000 0 1 1 0 0 0 0 1 1 1
         56 e129f000 00000000 2 2 00000000 1 1 1 0 0 0 0 1 1 1
         57 e129f000 00000000 2 2 00000000 0 1 0 0 0 0 0 1 1 1
         58 e129f000 00000000 2 2 00000000 1 1 0 0 0 0 0 1 1 1
         59 e129f000 00000000 2 2 00000000 0 1 0 0 0 0 0 1 1 1
         60 e129f000 00000000 2 2 00000000 1 1 0 0 0 0 0 1 1 1
         61 e3a01802 00000000 2 2 00000000 0 1 1 0 0 0 0 1 1 1
         62 e3a01802 00000000 2 2 00000000 1 1 1 0 0 0 0 1 1 1
         63 e3a01802 00000000 2 2 00000000 0 1 0 0 0 0 0 1 1 1
         64 e3a01802 00000000 2 2 00000000 1 1 0 0 0 0 0 1 1 1
         65 e3a01802 00000000 2 2 00000000 0 1 0 0 0 0 0 1 1 1
         66 e3a01802 00000000 2 2 00000000 1 1 0 0 0 0 0 1 1 1
         67 e1a0d001 00000000 2 2 00000000 0 1 1 0 0 0 0 1 1 1
         68 e1a0d001 00000000 2 2 00000000 1 1 1 0 0 0 0 1 1 1
         69 00000000 00000000 2 2 00000000 0 1 1 0 0 0 0 1 1 1
         70 00000000 00000000 2 2 00000000 1 1 1 0 0 0 0 1 1 1
         71 e1a0d001 00000000 2 2 00000000 0 1 0 0 0 0 0 1 1 1
         72 e1a0d001 00000000 2 2 00000000 1 1 0 0 0 0 0 1 1 1
         73 e1a0d001 00000000 2 2 00000000 0 1 0 0 0 0 0 1 1 1
         74 e1a0d001 00000000 2 2 00000000 1 1 0 0 0 0 0 1 1 1
         75 e3800001 00000000 2 2 00000000 0 1 1 0 0 0 0 1 1 1
         76 e3800001 00000000 2 2 00000000 1 1 1 0 0 0 0 1 1 1
         77 e3800001 00000000 2 2 00000000 0 1 0 0 0 0 0 1 1 1
         78 e3800001 00000000 2 2 00000000 1 1 0 0 0 0 0 1 1 1
         79 e3800001 00000000 2 2 00000000 0 1 0 0 0 0 0 1 1 1
         80 e3800001 00000000 2 2 00000000 1 1 0 0 0 0 0 1 1 1
         81 e3c000a0 00000000 2 2 00000000 0 1 1 0 0 0 0 1 1 1
         82 e3c000a0 00000000 2 2 00000000 1 1 1 0 0 0 0 1 1 1
         83 e3c000a0 00000000 2 2 00000000 0 1 0 0 0 0 0 1 1 1
         84 e3c000a0 00000000 2 2 00000000 1 1 0 0 0 0 0 1 1 1
         85 e3c000a0 00000000 2 2 00000000 0 1 0 0 0 0 0 1 1 1
         86 e3c000a0 00000000 2 2 00000000 1 1 0 0 0 0 0 1 1 1
         87 e129f000 00000000 2 2 00000000 0 1 1 0 0 0 0 1 1 1
         88 e129f000 00000000 2 2 00000000 1 1 1 0 0 0 0 1 1 1
         89 e129f000 00000000 2 2 00000000 0 1 0 0 0 0 0 1 1 1
         90 e129f000 00000000 2 2 00000000 1 1 0 0 0 0 0 1 1 1
         91 e129f000 00000000 2 2 00000000 0 1 0 0 0 0 0 1 1 1
         92 e129f000 00000000 2 2 00000000 1 1 0 0 0 0 0 1 1 1
         93 e1a0e00f 00000000 2 2 00000000 0 1 1 0 0 0 0 1 1 1
         94 e1a0e00f 00000000 2 2 00000000 1 1 1 0 0 0 0 1 1 1
         95 e1a0e00f 00000000 2 2 00000000 0 1 0 0 0 0 0 1 1 1
         96 e1a0e00f 00000000 2 2 00000000 1 1 0 0 0 0 0 1 1 1
         97 e1a0e00f 00000000 2 2 00000000 0 1 0 0 0 0 0 1 1 1
         98 e1a0e00f 00000000 2 2 00000000 1 1 0 0 0 0 0 1 1 1
         99 e59ff00c 00000000 2 2 00000000 0 1 1 0 0 0 0 1 1 1
        100 e59ff00c 00000000 2 2 00000000 1 1 1 0 0 0 0 1 1 1
        101 00000000 00000000 2 2 00000000 0 1 1 0 0 0 0 1 1 1
        102 00000000 00000000 2 2 00000000 1 1 1 0 0 0 0 1 1 1
        103 e59ff00c 00000000 2 2 00000000 0 1 0 0 0 0 0 1 1 1
        104 e59ff00c 00000000 2 2 00000000 1 1 0 0 0 0 0 1 1 1
        105 e59ff00c 00000000 2 2 00000000 0 1 0 0 0 0 0 1 1 1
        106 e59ff00c 00000000 2 2 00000000 1 1 0 0 0 0 0 1 1 1
        107 e3a0c242 00000000 2 2 00000000 0 1 1 0 0 0 0 1 1 1
        108 e3a0c242 00000000 2 2 00000000 1 1 1 0 0 0 0 1 1 1
        109 e3a0c242 00000000 2 2 00000000 0 1 0 0 0 0 0 1 1 1
        110 e3a0c242 00000000 2 2 00000000 1 1 0 0 0 0 0 1 1 1
        111 e3a0c242 00000000 2 2 00000000 0 1 0 0 0 0 0 1 1 1
        112 e3a0c242 00000000 2 2 00000000 1 1 0 0 0 0 0 1 1 1
        113 e3a0d004 00000000 2 2 00000000 0 1 1 0 0 0 0 1 1 1
        114 e3a0d004 00000000 2 2 00000000 1 1 1 0 0 0 0 1 1 1
        115 00000000 00000000 2 2 00000000 0 1 0 0 0 0 0 1 1 1
        116 00000000 00000000 2 2 00000000 1 1 0 0 0 0 0 1 1 1
        117 00000000 00000000 2 2 00000000 0 1 0 0 0 0 0 1 1 1
        118 00000000 00000000 2 2 00000000 1 1 0 0 0 0 0 1 1 1
        119 00000000 00000064 2 2 00000000 0 1 1 0 0 0 0 1 1 1
        120 00000000 00000064 2 2 00000000 1 1 1 0 0 0 0 1 1 1
        121 e3a0d004 00000000 2 2 00000000 0 1 0 0 0 0 0 1 1 1
        122 e3a0d004 00000000 2 2 00000000 1 1 0 0 0 0 0 1 1 1
        123 e3a0d004 00000000 2 2 00000000 0 1 0 0 0 0 0 1 1 1
        124 e3a0d004 00000000 2 2 00000000 1 1 0 0 0 0 0 1 1 1
        125 000000f0 00000000 2 2 00000000 0 1 1 0 0 0 0 1 1 1
        126 000000f0 00000000 2 2 00000000 1 1 1 0 0 0 0 1 1 1
        127 00000000 00000000 2 2 00000000 0 1 1 0 0 0 0 1 1 1
        128 00000000 00000000 2 2 00000000 1 1 1 0 0 0 0 1 1 1
        129 000000f0 00000000 2 2 00000000 0 1 0 0 0 0 0 1 1 1
        130 000000f0 00000000 2 2 00000000 1 1 0 0 0 0 0 1 1 1
        131 000000f0 00000000 2 2 00000000 0 1 0 0 0 0 0 1 1 1
        132 000000f0 00000000 2 2 00000000 1 1 0 0 0 0 0 1 1 1
        133 e3a01205 00000000 2 2 00000000 0 1 1 0 0 0 0 1 1 1
        134 e3a01205 00000000 2 2 00000000 1 1 1 0 0 0 0 1 1 1
        135 e3a01205 00000000 2 2 00000000 0 1 0 0 0 0 0 1 1 1
        136 e3a01205 00000000 2 2 00000000 1 1 0 0 0 0 0 1 1 1
        137 e3a01205 00000000 2 2 00000000 0 1 0 0 0 0 0 1 1 1
        138 e3a01205 00000000 2 2 00000000 1 1 0 0 0 0 0 1 1 1
        139 e3a02001 00000000 2 2 00000000 0 1 1 0 0 0 0 1 1 1
        140 e3a02001 00000000 2 2 00000000 1 1 1 0 0 0 0 1 1 1
        141 e3a02001 00000000 2 2 00000000 0 1 0 0 0 0 0 1 1 1
        142 e3a02001 00000000 2 2 00000000 1 1 0 0 0 0 0 1 1 1
        143 e3a02001 00000000 2 2 00000000 0 1 0 0 0 0 0 1 1 1
        144 e3a02001 00000000 2 2 00000000 1 1 0 0 0 0 0 1 1 1
        145 e3a00202 00000000 2 2 00000000 0 1 1 0 0 0 0 1 1 1
        146 e3a00202 00000000 2 2 00000000 1 1 1 0 0 0 0 1 1 1
        147 e3a00202 00000000 2 2 00000000 0 1 0 0 0 0 0 1 1 1
        148 e3a00202 00000000 2 2 00000000 1 1 0 0 0 0 0 1 1 1
        149 e3a00202 00000000 2 2 00000000 0 1 0 0 0 0 0 1 1 1
        150 e3a00202 00000000 2 2 00000000 1 1 0 0 0 0 0 1 1 1
        151 e5812000 00000000 2 2 00000000 0 1 1 0 0 0 0 1 1 1
        152 e5812000 00000000 2 2 00000000 1 1 1 0 0 0 0 1 1 1
        153 e5812000 00000000 2 2 00000000 0 1 0 0 0 0 0 1 1 1
        154 e5812000 00000000 2 2 00000000 1 1 0 0 0 0 0 1 1 1
        155 e5812000 00000000 2 2 00000000 0 1 0 0 0 0 0 1 1 1
        156 e5812000 00000000 2 2 00000000 1 1 0 0 0 0 0 1 1 1
        157 e3a03064 00000000 2 2 00000000 0 1 1 0 0 0 0 1 1 1
        158 e3a03064 00000000 2 2 00000000 1 1 1 0 0 0 0 1 1 1
        159 e3a03064 00000000 2 2 00000000 0 1 0 0 0 0 0 1 1 1
        160 e3a03064 00000000 2 2 00000000 1 1 0 0 0 0 0 1 1 1
        161 e3a03064 00000000 2 2 00000000 0 1 0 0 0 0 0 1 1 1
        162 e3a03064 00000000 2 2 00000000 1 1 0 0 0 0 0 1 1 1
        163 e5813004 00000000 2 2 00000000 0 1 1 0 0 0 0 1 1 1
        164 e5813004 00000000 2 2 00000000 1 1 1 0 0 0 0 1 1 1
        165 e5813004 00000064 2 2 00000000 0 1 0 0 0 0 0 1 1 1
        166 e5813004 00000064 2 2 00000000 1 1 0 0 0 0 0 1 1 1
        167 e5813004 00000064 2 2 00000000 0 1 0 0 0 0 0 1 1 1
        168 e5813004 00000064 2 2 00000000 1 1 0 0 0 0 0 1 1 1
        169 e5813004 0000abcd 2 2 00000000 0 1 0 0 0 0 0 1 1 1
        170 e5813004 0000abcd 2 2 00000000 1 1 0 0 0 0 0 1 1 1
        171 e3a01451 0000abcd 2 2 00000000 0 1 1 0 0 0 0 1 1 1
        172 e3a01451 0000abcd 2 2 00000000 1 1 1 0 0 0 0 1 1 1
        173 e3a01451 00000000 2 2 00000000 0 1 0 0 0 0 0 1 1 1
        174 e3a01451 00000000 2 2 00000000 1 1 0 0 0 0 0 1 1 1
        175 e3a01451 00000000 2 2 00000000 0 1 0 0 0 0 0 1 1 1
        176 e3a01451 00000000 2 2 00000000 1 1 0 0 0 0 0 1 1 1
        177 e5812000 00000000 2 2 00000000 0 1 1 0 0 0 0 1 1 1
        178 e5812000 00000000 2 2 00000000 1 1 1 0 0 0 0 1 1 1
        179 e5812000 0000abcd 2 2 00000000 0 1 0 0 0 0 0 1 1 1
        180 e5812000 0000abcd 2 2 00000000 1 1 0 0 0 0 0 1 1 1
        181 e5812000 0000abcd 2 2 00000000 0 1 0 0 0 0 0 1 1 1
        182 e5812000 0000abcd 2 2 00000000 1 1 0 0 0 0 0 1 1 1
        183 e5812000 0000abcd 2 2 00000000 0 1 0 0 0 0 0 1 1 1
        184 e5812000 0000abcd 2 2 00000000 1 1 0 0 0 0 0 1 1 1
        185 e3a0205a 0000abcd 2 2 00000000 0 1 1 0 0 0 0 1 1 1
        186 e3a0205a 0000abcd 2 2 00000000 1 1 1 0 0 0 0 1 1 1
        187 e3a0205a 00000000 2 2 00000000 0 1 0 0 0 0 0 1 1 1
        188 e3a0205a 00000000 2 2 00000000 1 1 0 0 0 0 0 1 1 1
        189 e3a0205a 00000000 2 2 00000000 0 1 0 0 0 0 0 1 1 1
        190 e3a0205a 00000000 2 2 00000000 1 1 0 0 0 0 0 1 1 1
        191 e5812004 00000000 2 2 00000000 0 1 1 0 0 0 0 1 1 1
        192 e5812004 00000000 2 2 00000000 1 1 1 0 0 0 0 1 1 1
        193 e5812004 0000abcd 2 2 00000000 0 1 0 0 0 0 0 1 1 1
        194 e5812004 0000abcd 2 2 00000000 1 1 0 0 0 0 0 1 1 1
        195 e5812004 0000abcd 2 2 00000000 0 1 0 0 0 0 0 1 1 1
        196 e5812004 0000abcd 2 2 00000000 1 1 0 0 0 0 0 1 1 1
        197 e5812004 0000abcd 2 2 00000000 0 1 0 0 0 0 0 1 1 1
        198 e5812004 0000abcd 2 2 00000000 1 1 0 0 0 0 0 1 1 1
        199 e3a0200a 0000abcd 2 2 00000000 0 1 1 0 0 0 0 1 1 1
        200 e3a0200a 0000abcd 2 2 00000000 1 1 1 0 0 0 0 1 1 1
        201 e3a0200a 00000000 2 2 00000000 0 1 0 0 0 0 0 1 1 1
        202 e3a0200a 00000000 2 2 00000000 1 1 0 0 0 0 0 1 1 1
        203 e3a0200a 00000000 2 2 00000000 0 1 0 0 0 0 0 1 1 1
        204 e3a0200a 00000000 2 2 00000000 1 1 0 0 0 0 0 1 1 1
        205 e5802000 00000000 2 2 00000000 0 1 1 0 0 0 0 1 1 1
        206 e5802000 00000000 2 2 00000000 1 1 1 0 0 0 0 1 1 1
        207 e5802000 0000abcd 2 2 00000000 0 1 0 0 0 0 0 1 1 1
        208 e5802000 0000abcd 2 2 00000000 1 1 0 0 0 0 0 1 1 1
        209 e5802000 0000abcd 2 2 00000000 0 1 0 0 0 0 0 1 1 1
        210 e5802000 0000abcd 2 2 00000000 1 1 0 0 0 0 0 1 1 1
        211 e5802000 0000abcd 2 2 00000000 0 1 0 0 0 0 0 1 1 1
        212 e5802000 0000abcd 2 2 00000000 1 1 0 0 0 0 0 1 1 1
        213 e3a01048 0000abcd 2 2 00000000 0 1 1 0 0 0 0 1 1 1
        214 e3a01048 0000abcd 2 2 00000000 1 1 1 0 0 0 0 1 1 1
        215 e3a01048 00000000 2 2 00000000 0 1 0 0 0 0 0 1 1 1
        216 e3a01048 00000000 2 2 00000000 1 1 0 0 0 0 0 1 1 1
        217 e3a01048 00000000 2 2 00000000 0 1 0 0 0 0 0 1 1 1
        218 e3a01048 00000000 2 2 00000000 1 1 0 0 0 0 0 1 1 1
        219 e5801000 00000000 2 2 00000000 0 1 1 0 0 0 0 1 1 1
        220 e5801000 00000000 2 2 00000000 1 1 1 0 0 0 0 1 1 1
        221 e5801000 0000abcd 2 2 00000000 0 1 0 0 0 0 0 1 1 1
        222 e5801000 0000abcd 2 2 00000000 1 1 0 0 0 0 0 1 1 1
        223 e5801000 0000abcd 2 2 00000000 0 1 0 0 0 0 0 1 1 1
        224 e5801000 0000abcd 2 2 00000000 1 1 0 0 0 0 0 1 1 1
        225 e5801000 00000000 2 2 00000000 0 1 0 0 0 0 0 1 1 1
        226 e5801000 00000000 2 2 00000000 1 1 0 0 0 0 0 1 1 1
        227 e3a01065 00000000 2 2 00000000 0 1 1 0 0 0 0 1 1 1
        228 e3a01065 00000000 2 2 00000000 1 1 1 0 0 0 0 1 1 1
        229 e3a01065 00000000 2 2 00000000 0 1 0 0 0 0 0 1 1 1
        230 e3a01065 00000000 2 2 00000000 1 1 0 0 0 0 0 1 1 1
        231 e3a01065 00000000 2 2 00000000 0 1 0 0 0 0 0 1 1 1
        232 e3a01065 00000000 2 2 00000000 1 1 0 0 0 0 0 1 1 1
        233 e5801000 00000000 2 2 00000000 0 1 1 0 0 0 0 1 1 1
        234 e5801000 00000000 2 2 00000000 1 1 1 0 0 0 0 1 1 1
        235 e5801000 00000000 2 2 00000000 0 1 0 0 0 0 0 1 1 1
        236 e5801000 00000000 2 2 00000000 1 1 0 0 0 0 0 1 1 1
        237 e5801000 00000000 2 2 00000000 0 1 0 0 0 0 0 1 1 1
        238 e5801000 00000000 2 2 00000000 1 1 0 0 0 0 0 1 1 1
        239 e5801000 00000000 2 2 00000000 0 1 0 0 0 0 0 1 1 1
        240 e5801000 00000000 2 2 00000000 1 1 0 0 0 0 0 1 1 1
        241 e3a0106c 00000000 2 2 00000000 0 1 1 0 0 0 0 1 1 1
        242 e3a0106c 00000000 2 2 00000000 1 1 1 0 0 0 0 1 1 1
        243 e3a0106c 00000000 2 2 00000000 0 1 0 0 0 0 0 1 1 1
        244 e3a0106c 00000000 2 2 00000000 1 1 0 0 0 0 0 1 1 1
        245 e3a0106c 00000000 2 2 00000000 0 1 0 0 0 0 0 1 1 1
        246 e3a0106c 00000000 2 2 00000000 1 1 0 0 0 0 0 1 1 1
        247 e5801000 00000000 2 2 00000000 0 1 1 0 0 0 0 1 1 1
        248 e5801000 00000000 2 2 00000000 1 1 1 0 0 0 0 1 1 1
        249 e5801000 00000000 2 2 00000000 0 1 0 0 0 0 0 1 1 1
        250 e5801000 00000000 2 2 00000000 1 1 0 0 0 0 0 1 1 1
        251 e5801000 00000000 2 2 00000000 0 1 0 0 0 0 0 1 1 1
        252 e5801000 00000000 2 2 00000000 1 1 0 0 0 0 0 1 1 1
        253 e5801000 00000000 2 2 00000000 0 1 0 0 0 0 0 1 1 1
        254 e5801000 00000000 2 2 00000000 1 1 0 0 0 0 0 1 1 1
        255 e5801000 00000000 2 2 00000000 0 1 1 0 0 0 0 1 1 1
        256 e5801000 00000000 2 2 00000000 1 1 1 0 0 0 0 1 1 1
        257 e5801000 00000000 2 2 00000000 0 1 0 0 0 0 0 1 1 1
        258 e5801000 00000000 2 2 00000000 1 1 0 0 0 0 0 1 1 1
        259 e5801000 00000000 2 2 00000000 0 1 0 0 0 0 0 1 1 1
        260 e5801000 00000000 2 2 00000000 1 1 0 0 0 0 0 1 1 1
        261 e3a0106f 00000000 2 2 00000000 0 1 1 0 0 0 0 1 1 1
        262 e3a0106f 00000000 2 2 00000000 1 1 1 0 0 0 0 1 1 1
        263 e3a0106f 00000000 2 2 00000000 0 1 0 0 0 0 0 1 1 1
        264 e3a0106f 00000000 2 2 00000000 1 1 0 0 0 0 0 1 1 1
        265 e3a0106f 00000000 2 2 00000000 0 1 0 0 0 0 0 1 1 1
        266 e3a0106f 00000000 2 2 00000000 1 1 0 0 0 0 0 1 1 1
        267 e3a0106f 00000000 2 2 00000000 0 1 0 0 0 0 0 1 1 1
        268 e3a0106f 00000000 2 2 00000000 1 1 0 0 0 0 0 1 1 1
        269 e5801000 00000000 2 2 00000000 0 1 1 0 0 0 0 1 1 1
        270 e5801000 00000000 2 2 00000000 1 1 1 0 0 0 0 1 1 1
        271 e5801000 00000000 2 2 00000000 0 1 0 0 0 0 0 1 1 1
        272 e5801000 00000000 2 2 00000000 1 1 0 0 0 0 0 1 1 1
        273 e5801000 00000000 2 2 00000000 0 1 0 0 0 0 0 1 1 1
        274 e5801000 00000000 2 2 00000000 1 1 0 0 0 0 0 1 1 1
        275 e5801000 00000000 2 2 00000000 0 1 0 0 0 0 0 1 1 1
        276 e5801000 00000000 2 2 00000000 1 1 0 0 0 0 0 1 1 1
        277 e3a01009 00000000 2 2 00000000 0 1 1 0 0 0 0 1 1 1
        278 e3a01009 00000000 2 2 00000000 1 1 1 0 0 0 0 1 1 1
        279 e3a01009 00000000 2 2 00000000 0 1 0 0 0 0 0 1 1 1
        280 e3a01009 00000000 2 2 00000000 1 1 0 0 0 0 0 1 1 1
        281 e3a01009 00000000 2 2 00000000 0 1 0 0 0 0 0 1 1 1
        282 e3a01009 00000000 2 2 00000000 1 1 0 0 0 0 0 1 1 1
        283 e5801000 00000000 2 2 00000000 0 1 1 0 0 0 0 1 1 1
        284 e5801000 00000000 2 2 00000000 1 1 1 0 0 0 0 1 1 1
        285 e5801000 00000000 2 2 00000000 0 1 0 0 0 0 0 1 1 1
        286 e5801000 00000000 2 2 00000000 1 1 0 0 0 0 0 1 1 1
        287 e5801000 00000000 2 2 00000000 0 1 0 0 0 0 0 1 1 1
        288 e5801000 00000000 2 2 00000000 1 1 0 0 0 0 0 1 1 1
        289 e5801000 00000000 2 2 00000000 0 1 0 0 0 0 0 1 1 1
        290 e5801000 00000000 2 2 00000000 1 1 0 0 0 0 0 1 1 1
        291 e3a01045 00000000 2 2 00000000 0 1 1 0 0 0 0 1 1 1
        292 e3a01045 00000000 2 2 00000000 1 1 1 0 0 0 0 1 1 1
        293 e3a01045 00000000 2 2 00000000 0 1 0 0 0 0 0 1 1 1
        294 e3a01045 00000000 2 2 00000000 1 1 0 0 0 0 0 1 1 1
        295 e3a01045 00000000 2 2 00000000 0 1 0 0 0 0 0 1 1 1
        296 e3a01045 00000000 2 2 00000000 1 1 0 0 0 0 0 1 1 1
        297 e5801000 00000000 2 2 00000000 0 1 1 0 0 0 0 1 1 1
        298 e5801000 00000000 2 2 00000000 1 1 1 0 0 0 0 1 1 1
        299 e5801000 00000000 2 2 00000000 0 1 0 0 0 0 0 1 1 1
        300 e5801000 00000000 2 2 00000000 1 1 0 0 0 0 0 1 1 1
        301 e5801000 00000000 2 2 00000000 0 1 0 0 0 0 0 1 1 1
        302 e5801000 00000000 2 2 00000000 1 1 0 0 0 0 0 1 1 1
        303 e5801000 00000000 2 2 00000000 0 1 0 0 0 0 0 1 1 1
        304 e5801000 00000000 2 2 00000000 1 1 0 0 0 0 0 1 1 1
        305 e3a01041 00000000 2 2 00000000 0 1 1 0 0 0 0 1 1 1
        306 e3a01041 00000000 2 2 00000000 1 1 1 0 0 0 0 1 1 1
        307 e3a01041 00000000 2 2 00000000 0 1 0 0 0 0 0 1 1 1
        308 e3a01041 00000000 2 2 00000000 1 1 0 0 0 0 0 1 1 1
        309 e3a01041 00000000 2 2 00000000 0 1 0 0 0 0 0 1 1 1
        310 e3a01041 00000000 2 2 00000000 1 1 0 0 0 0 0 1 1 1
        311 e5801000 00000000 2 2 00000000 0 1 1 0 0 0 0 1 1 1
        312 e5801000 00000000 2 2 00000000 1 1 1 0 0 0 0 1 1 1
        313 e5801000 00000000 2 2 00000000 0 1 0 0 0 0 0 1 1 1
        314 e5801000 00000000 2 2 00000000 1 1 0 0 0 0 0 1 1 1
        315 e5801000 00000000 2 2 00000000 0 1 0 0 0 0 0 1 1 1
        316 e5801000 00000000 2 2 00000000 1 1 0 0 0 0 0 1 1 1
        317 e5801000 00000000 2 2 00000000 0 1 0 0 0 0 0 1 1 1
        318 e5801000 00000000 2 2 00000000 1 1 0 0 0 0 0 1 1 1
        319 e3a01053 00000000 2 2 00000000 0 1 1 0 0 0 0 1 1 1
        320 e3a01053 00000000 2 2 00000000 1 1 1 0 0 0 0 1 1 1
        321 e3a01053 00000000 2 2 00000000 0 1 0 0 0 0 0 1 1 1
        322 e3a01053 00000000 2 2 00000000 1 1 0 0 0 0 0 1 1 1
        323 e3a01053 00000000 2 2 00000000 0 1 0 0 0 0 0 1 1 1
        324 e3a01053 00000000 2 2 00000000 1 1 0 0 0 0 0 1 1 1
        325 e5801000 00000000 2 2 00000000 0 1 1 0 0 0 0 1 1 1
        326 e5801000 00000000 2 2 00000000 1 1 1 0 0 0 0 1 1 1
        327 e5801000 00000000 2 2 00000000 0 1 0 0 0 0 0 1 1 1
        328 e5801000 00000000 2 2 00000000 1 1 0 0 0 0 0 1 1 1
        329 e5801000 00000000 2 2 00000000 0 1 0 0 0 0 0 1 1 1
        330 e5801000 00000000 2 2 00000000 1 1 0 0 0 0 0 1 1 1
        331 e5801000 00000000 2 2 00000000 0 1 0 0 0 0 0 1 1 1
        332 e5801000 00000000 2 2 00000000 1 1 0 0 0 0 0 1 1 1
        333 e3a01059 00000000 2 2 00000000 0 1 1 0 0 0 0 1 1 1
        334 e3a01059 00000000 2 2 00000000 1 1 1 0 0 0 0 1 1 1
        335 e3a01059 00000000 2 2 00000000 0 1 0 0 0 0 0 1 1 1
        336 e3a01059 00000000 2 2 00000000 1 1 0 0 0 0 0 1 1 1
        337 e3a01059 00000000 2 2 00000000 0 1 0 0 0 0 0 1 1 1
        338 e3a01059 00000000 2 2 00000000 1 1 0 0 0 0 0 1 1 1
        339 e5801000 00000000 2 2 00000000 0 1 1 0 0 0 0 1 1 1
        340 e5801000 00000000 2 2 00000000 1 1 1 0 0 0 0 1 1 1
        341 e5801000 00000000 2 2 00000000 0 1 0 0 0 0 0 1 1 1
        342 e5801000 00000000 2 2 00000000 1 1 0 0 0 0 0 1 1 1
        343 e5801000 00000000 2 2 00000000 0 1 0 0 0 0 0 1 1 1
        344 e5801000 00000000 2 2 00000000 1 1 0 0 0 0 0 1 1 1
        345 e5801000 00000000 2 2 00000000 0 1 0 0 0 0 0 1 1 1
        346 e5801000 00000000 2 2 00000000 1 1 0 0 0 0 0 1 1 1
        347 e3a01021 00000000 2 2 00000000 0 1 1 0 0 0 0 1 1 1
        348 e3a01021 00000000 2 2 00000000 1 1 1 0 0 0 0 1 1 1
        349 e3a01021 00000000 2 2 00000000 0 1 0 0 0 0 0 1 1 1
        350 e3a01021 00000000 2 2 00000000 1 1 0 0 0 0 0 1 1 1
        351 e3a01021 00000000 2 2 00000000 0 1 0 0 0 0 0 1 1 1
        352 e3a01021 00000000 2 2 00000000 1 1 0 0 0 0 0 1 1 1
        353 e5801000 00000000 2 2 00000000 0 1 1 0 0 0 0 1 1 1
        354 e5801000 00000000 2 2 00000000 1 1 1 0 0 0 0 1 1 1
        355 e5801000 00000000 2 2 00000000 0 1 0 0 0 0 0 1 1 1
        356 e5801000 00000000 2 2 00000000 1 1 0 0 0 0 0 1 1 1
        357 e5801000 00000000 2 2 00000000 0 1 0 0 0 0 0 1 1 1
        358 e5801000 00000000 2 2 00000000 1 1 0 0 0 0 0 1 1 1
        359 e5801000 00000000 2 2 00000000 0 1 0 0 0 0 0 1 1 1
        360 e5801000 00000000 2 2 00000000 1 1 0 0 0 0 0 1 1 1
        361 e5802000 00000000 2 2 00000000 0 1 1 0 0 0 0 1 1 1
        362 e5802000 00000000 2 2 00000000 1 1 1 0 0 0 0 1 1 1
        363 e5802000 00000000 2 2 00000000 0 1 0 0 0 0 0 1 1 1
        364 e5802000 00000000 2 2 00000000 1 1 0 0 0 0 0 1 1 1
        365 e5802000 00000000 2 2 00000000 0 1 0 0 0 0 0 1 1 1
        366 e5802000 00000000 2 2 00000000 1 1 0 0 0 0 0 1 1 1
        367 eafffffe 00000000 2 2 00000000 0 1 1 0 0 0 0 1 1 1
        368 eafffffe 00000000 2 2 00000000 1 1 1 0 0 0 0 1 1 1
        369 eafffffe 00000000 2 2 00000000 0 1 0 0 0 0 0 1 1 1
        370 eafffffe 00000000 2 2 00000000 1 1 0 0 0 0 0 1 1 1
        371 eafffffe 00000000 2 2 00000000 0 1 0 0 0 0 0 1 1 1
        372 eafffffe 00000000 2 2 00000000 1 1 0 0 0 0 0 1 1 1
        373 eafffffe 00000000 2 2 00000000 0 1 0 0 0 0 0 1 1 1
        374 eafffffe 00000000 2 2 00000000 1 1 0 0 0 0 0 1 1 1
        375 e3a00202 00000000 2 2 00000000 0 1 1 0 0 0 0 1 1 1
        376 e3a00202 00000000 2 2 00000000 1 1 1 0 0 0 0 1 1 1
        377 e3a00202 00000000 2 2 00000000 0 1 0 0 0 0 0 1 1 1
        378 e3a00202 00000000 2 2 00000000 1 1 0 0 0 0 0 1 1 1
        379 e3a00202 00000000 2 2 00000000 0 1 0 0 0 0 0 1 1 1
        380 e3a00202 00000000 2 2 00000000 1 1 0 0 0 0 0 1 1 1
        381 e3a00202 00000000 2 2 00000000 0 1 0 0 0 0 0 1 1 1
        382 e3a00202 00000000 2 2 00000000 1 1 0 0 0 0 0 1 1 1
        383 e3a01049 00000000 2 2 00000000 0 1 1 0 0 0 0 1 1 1
        384 e3a01049 00000000 2 2 00000000 1 1 1 0 0 0 0 1 1 1
        385 e3a01049 00000000 2 2 00000000 0 1 0 0 0 0 0 1 1 1
        386 e3a01049 00000000 2 2 00000000 1 1 0 0 0 0 0 1 1 1
        387 e3a01049 00000000 2 2 00000000 0 1 0 0 0 0 0 1 1 1
        388 e3a01049 00000000 2 2 00000000 1 1 0 0 0 0 0 1 1 1
        389 e5801000 00000000 2 2 00000000 0 1 1 0 0 0 0 1 1 1
        390 e5801000 00000000 2 2 00000000 1 1 1 0 0 0 0 1 1 1
        391 e5801000 00000000 2 2 00000000 0 1 0 0 0 0 0 1 1 1
        392 e5801000 00000000 2 2 00000000 1 1 0 0 0 0 0 1 1 1
        393 e5801000 00000000 2 2 00000000 0 1 0 0 0 0 0 1 0 1
        394 e5801000 00000000 2 2 00000000 1 1 0 0 0 0 0 1 0 1
        395 eafffffe 00000000 2 2 00000000 0 1 1 0 0 0 0 1 0 1
        396 eafffffe 00000000 2 2 00000000 1 1 1 0 0 0 0 1 0 1
        397 eafffffe 00000000 2 2 00000000 0 1 0 0 0 0 0 1 0 1
        398 eafffffe 00000000 2 2 00000000 1 1 0 0 0 0 0 1 0 1
        399 eafffffe 00000000 2 2 00000000 0 1 0 0 0 0 0 1 0 1
        400 eafffffe 00000000 2 2 00000000 1 1 0 0 0 0 0 1 0 1
        401 e3a00202 00000000 2 2 00000000 0 1 1 0 0 0 0 1 0 1
        402 e3a00202 00000000 2 2 00000000 1 1 1 0 0 0 0 1 0 1
        403 e3a00202 00000000 2 2 00000000 0 1 0 0 0 0 0 1 0 1
        404 e3a00202 00000000 2 2 00000000 1 1 0 0 0 0 0 1 0 1
        405 e3a00202 00000000 2 2 00000000 0 1 0 0 0 0 0 1 0 1
        406 e3a00202 00000000 2 2 00000000 1 1 0 0 0 0 0 1 0 1
        407 e3a01049 00000000 2 2 00000000 0 1 1 0 0 0 0 1 0 1
        408 e3a01049 00000000 2 2 00000000 1 1 1 0 0 0 0 1 0 1
        409 e3a01049 00000000 2 2 00000000 0 1 0 0 0 0 0 1 0 1
        410 e3a01049 00000000 2 2 00000000 1 1 0 0 0 0 0 1 0 1
        411 e3a01049 00000000 2 2 00000000 0 1 0 0 0 0 0 1 0 1
        412 e3a01049 00000000 2 2 00000000 1 1 0 0 0 0 0 1 0 1
        413 e5801000 00000000 2 2 00000000 0 1 1 0 0 0 0 1 0 1
        414 e5801000 00000000 2 2 00000000 1 1 1 0 0 0 0 1 0 1
        415 00000000 00000000 2 2 00000000 0 1 1 0 0 0 0 1 0 1
        416 00000000 00000000 2 2 00000000 1 1 1 0 0 0 0 1 0 1
        417 e5801000 00000000 2 2 00000000 0 1 0 0 0 0 0 1 0 1
        418 e5801000 00000000 2 2 00000000 1 1 0 0 0 0 0 1 0 1
        419 e5801000 00000000 2 2 00000000 0 1 0 0 0 0 0 1 0 1
        420 e5801000 00000000 2 2 00000000 1 1 0 0 0 0 0 1 0 1
        421 e59ff03c 00000000 2 2 00000000 0 1 1 0 0 0 0 1 0 1
        422 e59ff03c 00000000 2 2 00000000 1 1 1 0 0 0 0 1 0 1
        423 e59ff03c 00000000 2 2 00000000 0 1 0 0 0 0 0 1 0 1
        424 e59ff03c 00000000 2 2 00000000 1 1 0 0 0 0 0 1 0 1
        425 e59ff03c 00000000 2 2 00000000 0 1 0 0 0 0 0 1 0 1
        426 e59ff03c 00000000 2 2 00000000 1 1 0 0 0 0 0 1 0 1
        427 e1a00000 00000000 2 2 00000000 0 1 1 0 0 0 0 1 0 1
        428 e1a00000 00000000 2 2 00000000 1 1 1 0 0 0 0 1 0 1
        429 e1a00000 00000000 2 2 00000000 0 1 0 0 0 0 0 1 0 1
        430 e1a00000 00000000 2 2 00000000 1 1 0 0 0 0 0 1 0 1
        431 e1a00000 00000000 2 2 00000000 0 1 0 0 0 0 0 1 0 1
        432 e1a00000 00000000 2 2 00000000 1 1 0 0 0 0 0 1 0 1
        433 e3a00801 00000000 2 2 00000000 0 1 1 0 0 0 0 1 0 1
        434 e3a00801 00000000 2 2 00000000 1 1 1 0 0 0 0 1 0 1
        435 00000000 00000000 2 2 00000000 0 1 0 0 0 0 0 1 0 1
        436 00000000 00000000 2 2 00000000 1 1 0 0 0 0 0 1 0 1
        437 00000000 00000000 2 2 00000000 0 1 0 0 0 0 0 1 0 1
        438 00000000 00000000 2 2 00000000 1 1 0 0 0 0 0 1 0 1
        439 00000000 000000f0 2 2 00000000 0 1 1 0 0 0 0 1 0 1
        440 00000000 000000f0 2 2 00000000 1 1 1 0 0 0 0 1 0 1
        441 e3a00801 00000000 2 2 00000000 0 1 0 0 0 0 0 1 0 1
        442 e3a00801 00000000 2 2 00000000 1 1 0 0 0 0 0 1 0 1
        443 e3a00801 00000000 2 2 00000000 0 1 0 0 0 0 0 1 0 1
        444 e3a00801 00000000 2 2 00000000 1 1 0 0 0 0 0 1 0 1
        445 e10f0000 00000000 2 2 00000000 0 1 1 0 0 0 0 1 0 1
        446 e10f0000 00000000 2 2 00000000 1 1 1 0 0 0 0 1 0 1
        447 00000000 00000000 2 2 00000000 0 1 1 0 0 0 0 1 0 1
        448 00000000 00000000 2 2 00000000 1 1 1 0 0 0 0 1 0 1
        449 e10f0000 00000000 2 2 00000000 0 1 0 0 0 0 0 1 0 1
        450 e10f0000 00000000 2 2 00000000 1 1 0 0 0 0 0 1 0 1
        451 e10f0000 00000000 2 2 00000000 0 1 0 0 0 0 0 1 0 1
        452 e10f0000 00000000 2 2 00000000 1 1 0 0 0 0 0 1 0 1
        453 e3a00202 00000000 2 2 00000000 0 1 1 0 0 0 0 1 0 1
        454 e3a00202 00000000 2 2 00000000 1 1 1 0 0 0 0 1 0 1
        455 e3a00202 00000000 2 2 00000000 0 1 0 0 0 0 0 1 0 1
        456 e3a00202 00000000 2 2 00000000 1 1 0 0 0 0 0 1 0 1
        457 e3a00202 00000000 2 2 00000000 0 1 0 0 0 0 0 1 0 1
        458 e3a00202 00000000 2 2 00000000 1 1 0 0 0 0 0 1 0 1
        459 e3a01049 00000000 2 2 00000000 0 1 1 0 0 0 0 1 0 1
        460 e3a01049 00000000 2 2 00000000 1 1 1 0 0 0 0 1 0 1
        461 e3a01049 00000000 2 2 00000000 0 1 0 0 0 0 0 1 0 1
        462 e3a01049 00000000 2 2 00000000 1 1 0 0 0 0 0 1 0 1
        463 e3a01049 00000000 2 2 00000000 0 1 0 0 0 0 0 1 0 1
        464 e3a01049 00000000 2 2 00000000 1 1 0 0 0 0 0 1 0 1
        465 e5801000 00000000 2 2 00000000 0 1 1 0 0 0 0 1 0 1
        466 e5801000 00000000 2 2 00000000 1 1 1 0 0 0 0 1 0 1
        467 e5801000 00000000 2 2 00000000 0 1 0 0 0 0 0 1 0 1
        468 e5801000 00000000 2 2 00000000 1 1 0 0 0 0 0 1 0 1
        469 e5801000 00000000 2 2 00000000 0 1 0 0 0 0 0 1 0 1
        470 e5801000 00000000 2 2 00000000 1 1 0 0 0 0 0 1 0 1
        471 e3a01052 00000000 2 2 00000000 0 1 1 0 0 0 0 1 0 1
        472 e3a01052 00000000 2 2 00000000 1 1 1 0 0 0 0 1 0 1
        473 e3a01052 00000000 2 2 00000000 0 1 0 0 0 0 0 1 0 1
        474 e3a01052 00000000 2 2 00000000 1 1 0 0 0 0 0 1 0 1
        475 e3a01052 00000000 2 2 00000000 0 1 0 0 0 0 0 1 0 1
        476 e3a01052 00000000 2 2 00000000 1 1 0 0 0 0 0 1 0 1
        477 e5801000 00000000 2 2 00000000 0 1 1 0 0 0 0 1 0 1
        478 e5801000 00000000 2 2 00000000 1 1 1 0 0 0 0 1 0 1
        479 e5801000 000000f0 2 2 00000000 0 1 0 0 0 0 0 1 0 1
        480 e5801000 000000f0 2 2 00000000 1 1 0 0 0 0 0 1 0 1
        481 e5801000 000000f0 2 2 00000000 0 1 0 0 0 0 0 1 0 1
        482 e5801000 000000f0 2 2 00000000 1 1 0 0 0 0 0 1 0 1
        483 e5801000 00000000 2 2 00000000 0 1 0 0 0 0 0 1 0 1
        484 e5801000 00000000 2 2 00000000 1 1 0 0 0 0 0 1 0 1
        485 e3a01051 00000000 2 2 00000000 0 1 1 0 0 0 0 1 0 1
        486 e3a01051 00000000 2 2 00000000 1 1 1 0 0 0 0 1 0 1
        487 e3a01051 00000000 2 2 00000000 0 1 0 0 0 0 0 1 0 1
        488 e3a01051 00000000 2 2 00000000 1 1 0 0 0 0 0 1 0 1
        489 e3a01051 00000000 2 2 00000000 0 1 0 0 0 0 0 1 0 1
        490 e3a01051 00000000 2 2 00000000 1 1 0 0 0 0 0 1 0 1
        491 e5801000 00000000 2 2 00000000 0 1 1 0 0 0 0 1 0 1
        492 e5801000 00000000 2 2 00000000 1 1 1 0 0 0 0 1 0 1
        493 e5801000 00000000 2 2 00000000 0 1 0 0 0 0 0 1 0 1
        494 e5801000 00000000 2 2 00000000 1 1 0 0 0 0 0 1 0 1
        495 e5801000 00000000 2 2 00000000 0 1 0 0 0 0 0 1 0 1
        496 e5801000 00000000 2 2 00000000 1 1 0 0 0 0 0 1 0 1
        497 e5801000 00000000 2 2 00000000 0 1 0 0 0 0 0 1 0 1
        498 e5801000 00000000 2 2 00000000 1 1 0 0 0 0 0 1 0 1
        499 e3a0100a 00000000 2 2 00000000 0 1 1 0 0 0 0 1 0 1
        500 e3a0100a 00000000 2 2 00000000 1 1 1 0 0 0 0 1 0 1
        501 e3a0100a 00000000 2 2 00000000 0 1 0 0 0 0 0 1 0 1
        502 e3a0100a 00000000 2 2 00000000 1 1 0 0 0 0 0 1 0 1
        503 e3a0100a 00000000 2 2 00000000 0 1 0 0 0 0 0 1 0 1
        504 e3a0100a 00000000 2 2 00000000 1 1 0 0 0 0 0 1 0 1
        505 e5801000 00000000 2 2 00000000 0 1 1 0 0 0 0 1 0 1
        506 e5801000 00000000 2 2 00000000 1 1 1 0 0 0 0 1 0 1
        507 e5801000 00000000 2 2 00000000 0 1 0 0 0 0 0 1 0 1
        508 e5801000 00000000 2 2 00000000 1 1 0 0 0 0 0 1 0 1
        509 e5801000 00000000 2 2 00000000 0 1 0 0 0 0 0 1 0 1
        510 e5801000 00000000 2 2 00000000 1 1 0 0 0 0 0 1 0 1
        511 e5801000 00000000 2 2 00000000 0 1 0 0 0 0 0 1 0 1
        512 e5801000 00000000 2 2 00000000 1 1 0 0 0 0 0 1 0 1
        513 eafffffe 00000000 2 2 00000000 0 1 1 0 0 0 0 1 0 1
        514 eafffffe 00000000 2 2 00000000 1 1 1 0 0 0 0 1 0 1
        515 eafffffe 00000000 2 2 00000000 0 1 0 0 0 0 0 1 0 1
        516 eafffffe 00000000 2 2 00000000 1 1 0 0 0 0 0 1 0 1
        517 eafffffe 00000000 2 2 00000000 0 1 0 0 0 0 0 1 0 1
        518 eafffffe 00000000 2 2 00000000 1 1 0 0 0 0 0 1 0 1
        519 00000000 00000000 2 2 00000000 0 1 1 0 0 0 0 1 0 1
        520 00000000 00000000 2 2 00000000 1 1 1 0 0 0 0 1 0 1
        521 00000000 00000000 2 2 00000000 0 1 0 0 0 0 0 1 0 1
        522 00000000 00000000 2 2 00000000 1 1 0 0 0 0 0 1 0 1
        523 00000000 00000000 2 2 00000000 0 1 0 0 0 0 0 1 0 1
        524 00000000 00000000 2 2 00000000 1 1 0 0 0 0 0 1 0 1
        525 00000000 00000000 2 2 00000000 0 1 0 0 0 0 0 1 0 1
        526 00000000 00000000 2 2 00000000 1 1 0 0 0 0 0 1 0 1
        527 00000000 00000000 2 2 00000000 0 1 1 0 0 0 0 1 0 1
        528 00000000 00000000 2 2 00000000 1 1 1 0 0 0 0 1 0 1
        529 00000000 00000000 2 2 00000000 0 1 0 0 0 0 0 1 0 1
        530 00000000 00000000 2 2 00000000 1 1 0 0 0 0 0 1 0 1
        531 00000000 00000000 2 2 00000000 0 1 0 0 0 0 0 1 0 1
        532 00000000 00000000 2 2 00000000 1 1 0 0 0 0 0 1 0 1
        533 00000000 00000000 2 2 00000000 0 1 1 0 0 0 0 1 0 1
        534 00000000 00000000 2 2 00000000 1 1 1 0 0 0 0 1 0 1
        535 00000000 00000000 2 2 00000000 0 1 0 0 0 0 0 1 0 1
        536 00000000 00000000 2 2 00000000 1 1 0 0 0 0 0 1 0 1
        537 00000000 00000000 2 2 00000000 0 1 0 0 0 0 0 1 0 1
        538 00000000 00000000 2 2 00000000 1 1 0 0 0 0 0 1 0 1
        539 eafffffe 00000000 2 2 00000000 0 1 1 0 0 0 0 1 0 1
        540 eafffffe 00000000 2 2 00000000 1 1 1 0 0 0 0 1 0 1
        541 eafffffe 00000000 2 2 00000000 0 1 0 0 0 0 0 1 0 1
        542 eafffffe 00000000 2 2 00000000 1 1 0 0 0 0 0 1 0 1
        543 eafffffe 00000000 2 2 00000000 0 1 0 0 0 0 0 1 0 1
        544 eafffffe 00000000 2 2 00000000 1 1 0 0 0 0 0 1 0 1
        545 00000000 00000000 2 2 00000000 0 1 1 0 0 0 0 1 0 1
        546 00000000 00000000 2 2 00000000 1 1 1 0 0 0 0 1 0 1
        547 00000000 00000000 2 2 00000000 0 1 0 0 0 0 0 1 0 1
        548 00000000 00000000 2 2 00000000 1 1 0 0 0 0 0 1 0 1
        549 00000000 00000000 2 2 00000000 0 1 0 0 0 0 0 1 0 1
        550 00000000 00000000 2 2 00000000 1 1 0 0 0 0 0 1 0 1
        551 00000000 00000000 2 2 00000000 0 1 1 0 0 0 0 1 0 1
        552 00000000 00000000 2 2 00000000 1 1 1 0 0 0 0 1 0 1
        553 00000000 00000000 2 2 00000000 0 1 0 0 0 0 0 1 0 1
        554 00000000 00000000 2 2 00000000 1 1 0 0 0 0 0 1 0 1
        555 00000000 00000000 2 2 00000000 0 1 0 0 0 0 0 1 0 1
        556 00000000 00000000 2 2 00000000 1 1 0 0 0 0 0 1 0 1
        557 00000000 00000000 2 2 00000000 0 1 1 0 0 0 0 1 0 1
        558 00000000 00000000 2 2 00000000 1 1 1 0 0 0 0 1 0 1
        559 00000000 00000000 2 2 00000000 0 1 0 0 0 0 0 1 0 1
        560 00000000 00000000 2 2 00000000 1 1 0 0 0 0 0 1 0 1
        561 00000000 00000000 2 2 00000000 0 1 0 0 0 0 0 1 0 1
        562 00000000 00000000 2 2 00000000 1 1 0 0 0 0 0 1 0 1
        563 eafffffe 00000000 2 2 00000000 0 1 1 0 0 0 0 1 0 1
        564 eafffffe 00000000 2 2 00000000 1 1 1 0 0 0 0 1 0 1
        565 eafffffe 00000000 2 2 00000000 0 1 0 0 0 0 0 1 0 1
        566 eafffffe 00000000 2 2 00000000 1 1 0 0 0 0 0 1 0 1
        567 eafffffe 00000000 2 2 00000000 0 1 0 0 0 0 0 1 0 1
        568 eafffffe 00000000 2 2 00000000 1 1 0 0 0 0 0 1 0 1
        569 00000000 00000000 2 2 00000000 0 1 1 0 0 0 0 1 0 1
        570 00000000 00000000 2 2 00000000 1 1 1 0 0 0 0 1 0 1
        571 00000000 00000000 2 2 00000000 0 1 0 0 0 0 0 1 0 1
        572 00000000 00000000 2 2 00000000 1 1 0 0 0 0 0 1 0 1
        573 00000000 00000000 2 2 00000000 0 1 0 0 0 0 0 1 0 1
        574 00000000 00000000 2 2 00000000 1 1 0 0 0 0 0 1 0 1
        575 00000000 00000000 2 2 00000000 0 1 1 0 0 0 0 1 0 1
        576 00000000 00000000 2 2 00000000 1 1 1 0 0 0 0 1 0 1
        577 00000000 00000000 2 2 00000000 0 1 0 0 0 0 0 1 0 1
        578 00000000 00000000 2 2 00000000 1 1 0 0 0 0 0 1 0 1
        579 00000000 00000000 2 2 00000000 0 1 0 0 0 0 0 1 0 1
        580 00000000 00000000 2 2 00000000 1 1 0 0 0 0 0 1 0 1
        581 00000000 00000000 2 2 00000000 0 1 1 0 0 0 0 1 0 1
        582 00000000 00000000 2 2 00000000 1 1 1 0 0 0 0 1 0 1
        583 00000000 00000000 2 2 00000000 0 1 0 0 0 0 0 1 0 1
        584 00000000 00000000 2 2 00000000 1 1 0 0 0 0 0 1 0 1
        585 00000000 00000000 2 2 00000000 0 1 0 0 0 0 0 1 0 1
        586 00000000 00000000 2 2 00000000 1 1 0 0 0 0 0 1 0 1
        587 eafffffe 00000000 2 2 00000000 0 1 1 0 0 0 0 1 0 1
        588 eafffffe 00000000 2 2 00000000 1 1 1 0 0 0 0 1 0 1
        589 eafffffe 00000000 2 2 00000000 0 1 0 0 0 0 0 1 0 1
        590 eafffffe 00000000 2 2 00000000 1 1 0 0 0 0 0 1 0 1
        591 eafffffe 00000000 2 2 00000000 0 1 0 0 0 0 0 1 0 1
        592 eafffffe 00000000 2 2 00000000 1 1 0 0 0 0 0 1 0 1
        593 00000000 00000000 2 2 00000000 0 1 1 0 0 0 0 1 0 1
        594 00000000 00000000 2 2 00000000 1 1 1 0 0 0 0 1 0 1
        595 00000000 00000000 2 2 00000000 0 1 0 0 0 0 0 1 0 1
        596 00000000 00000000 2 2 00000000 1 1 0 0 0 0 0 1 0 1
        597 00000000 00000000 2 2 00000000 0 1 0 0 0 0 0 1 0 1
        598 00000000 00000000 2 2 00000000 1 1 0 0 0 0 0 1 0 1
        599 00000000 00000000 2 2 00000000 0 1 1 0 0 0 0 1 0 1
        600 00000000 00000000 2 2 00000000 1 1 1 0 0 0 0 1 0 1
        601 00000000 00000000 2 2 00000000 0 1 0 0 0 0 0 1 0 1
        602 00000000 00000000 2 2 00000000 1 1 0 0 0 0 0 1 0 1
        603 00000000 00000000 2 2 00000000 0 1 0 0 0 0 0 1 0 1
        604 00000000 00000000 2 2 00000000 1 1 0 0 0 0 0 1 0 1
        605 00000000 00000000 2 2 00000000 0 1 1 0 0 0 0 1 0 1
        606 00000000 00000000 2 2 00000000 1 1 1 0 0 0 0 1 0 1
        607 00000000 00000000 2 2 00000000 0 1 0 0 0 0 0 1 0 1
        608 00000000 00000000 2 2 00000000 1 1 0 0 0 0 0 1 0 1
        609 00000000 00000000 2 2 00000000 0 1 0 0 0 0 0 1 0 1
        610 00000000 00000000 2 2 00000000 1 1 0 0 0 0 0 1 0 1
        611 eafffffe 00000000 2 2 00000000 0 1 1 0 0 0 0 1 0 1
        612 eafffffe 00000000 2 2 00000000 1 1 1 0 0 0 0 1 0 1
        613 eafffffe 00000000 2 2 00000000 0 1 0 0 0 0 0 1 0 1
        614 eafffffe 00000000 2 2 00000000 1 1 0 0 0 0 0 1 0 1
        615 eafffffe 00000000 2 2 00000000 0 1 0 0 0 0 0 1 0 1
        616 eafffffe 00000000 2 2 00000000 1 1 0 0 0 0 0 1 0 1
        617 00000000 00000000 2 2 00000000 0 1 1 0 0 0 0 1 0 1
        618 00000000 00000000 2 2 00000000 1 1 1 0 0 0 0 1 0 1
        619 00000000 00000000 2 2 00000000 0 1 0 0 0 0 0 1 0 1
        620 00000000 00000000 2 2 00000000 1 1 0 0 0 0 0 1 0 1
        621 00000000 00000000 2 2 00000000 0 1 0 0 0 0 0 1 0 1
        622 00000000 00000000 2 2 00000000 1 1 0 0 0 0 0 1 0 1
        623 00000000 00000000 2 2 00000000 0 1 1 0 0 0 0 1 0 1
        624 00000000 00000000 2 2 00000000 1 1 1 0 0 0 0 1 0 1
        625 00000000 00000000 2 2 00000000 0 1 0 0 0 0 0 1 0 1
        626 00000000 00000000 2 2 00000000 1 1 0 0 0 0 0 1 0 1
        627 00000000 00000000 2 2 00000000 0 1 0 0 0 0 0 1 0 1
        628 00000000 00000000 2 2 00000000 1 1 0 0 0 0 0 1 0 1
        629 00000000 00000000 2 2 00000000 0 1 1 0 0 0 0 1 0 1
        630 00000000 00000000 2 2 00000000 1 1 1 0 0 0 0 1 0 1
        631 00000000 00000000 2 2 00000000 0 1 0 0 0 0 0 1 0 1
        632 00000000 00000000 2 2 00000000 1 1 0 0 0 0 0 1 0 1
        633 00000000 00000000 2 2 00000000 0 1 0 0 0 0 0 1 0 1
        634 00000000 00000000 2 2 00000000 1 1 0 0 0 0 0 1 0 1
        635 eafffffe 00000000 2 2 00000000 0 1 1 0 0 0 0 1 0 1
        636 eafffffe 00000000 2 2 00000000 1 1 1 0 0 0 0 1 0 1
        637 eafffffe 00000000 2 2 00000000 0 1 0 0 0 0 0 1 0 1
        638 eafffffe 00000000 2 2 00000000 1 1 0 0 0 0 0 1 0 1
        639 eafffffe 00000000 2 2 00000000 0 1 0 0 0 0 0 1 0 1
        640 eafffffe 00000000 2 2 00000000 1 1 0 0 0 0 0 1 0 1
        641 00000000 00000000 2 2 00000000 0 1 1 0 0 0 0 1 0 1
        642 00000000 00000000 2 2 00000000 1 1 1 0 0 0 0 1 0 1
        643 00000000 00000000 2 2 00000000 0 1 0 0 0 0 0 1 0 1
        644 00000000 00000000 2 2 00000000 1 1 0 0 0 0 0 1 0 1
        645 00000000 00000000 2 2 00000000 0 1 0 0 0 0 0 1 0 1
        646 00000000 00000000 2 2 00000000 1 1 0 0 0 0 0 1 0 1
        647 00000000 00000000 2 2 00000000 0 1 1 0 0 0 0 1 0 1
        648 00000000 00000000 2 2 00000000 1 1 1 0 0 0 0 1 0 1
        649 00000000 00000000 2 2 00000000 0 1 0 0 0 0 0 1 0 1
        650 00000000 00000000 2 2 00000000 1 1 0 0 0 0 0 1 0 1
        651 00000000 00000000 2 2 00000000 0 1 0 0 0 0 0 1 0 1
        652 00000000 00000000 2 2 00000000 1 1 0 0 0 0 0 1 0 1
        653 00000000 00000000 2 2 00000000 0 1 1 0 0 0 0 1 0 1
        654 00000000 00000000 2 2 00000000 1 1 1 0 0 0 0 1 0 1
        655 00000000 00000000 2 2 00000000 0 1 0 0 0 0 0 1 0 1
        656 00000000 00000000 2 2 00000000 1 1 0 0 0 0 0 1 0 1
        657 00000000 00000000 2 2 00000000 0 1 0 0 0 0 0 1 0 1
        658 00000000 00000000 2 2 00000000 1 1 0 0 0 0 0 1 0 1
        659 eafffffe 00000000 2 2 00000000 0 1 1 0 0 0 0 1 0 1
        660 eafffffe 00000000 2 2 00000000 1 1 1 0 0 0 0 1 0 1
        661 eafffffe 00000000 2 2 00000000 0 1 0 0 0 0 0 1 0 1
        662 eafffffe 00000000 2 2 00000000 1 1 0 0 0 0 0 1 0 1
        663 eafffffe 00000000 2 2 00000000 0 1 0 0 0 0 0 1 0 1
        664 eafffffe 00000000 2 2 00000000 1 1 0 0 0 0 0 1 0 1
        665 00000000 00000000 2 2 00000000 0 1 1 0 0 0 0 1 0 1
        666 00000000 00000000 2 2 00000000 1 1 1 0 0 0 0 1 0 1
        667 00000000 00000000 2 2 00000000 0 1 0 0 0 0 0 1 0 1
        668 00000000 00000000 2 2 00000000 1 1 0 0 0 0 0 1 0 1
        669 00000000 00000000 2 2 00000000 0 1 0 0 0 0 0 1 0 1
        670 00000000 00000000 2 2 00000000 1 1 0 0 0 0 0 1 0 1
        671 00000000 00000000 2 2 00000000 0 1 1 0 0 0 0 1 0 1
        672 00000000 00000000 2 2 00000000 1 1 1 0 0 0 0 1 0 1
        673 00000000 00000000 2 2 00000000 0 1 0 0 0 0 0 1 0 1
        674 00000000 00000000 2 2 00000000 1 1 0 0 0 0 0 1 0 1
        675 00000000 00000000 2 2 00000000 0 1 0 0 0 0 0 1 0 1
        676 00000000 00000000 2 2 00000000 1 1 0 0 0 0 0 1 0 1
        677 00000000 00000000 2 2 00000000 0 1 1 0 0 0 0 1 0 1
        678 00000000 00000000 2 2 00000000 1 1 1 0 0 0 0 1 0 1
        679 00000000 00000000 2 2 00000000 0 1 0 0 0 0 0 1 0 1
        680 00000000 00000000 2 2 00000000 1 1 0 0 0 0 0 1 0 1
        681 00000000 00000000 2 2 00000000 0 1 0 0 0 0 0 1 0 1
        682 00000000 00000000 2 2 00000000 1 1 0 0 0 0 0 1 0 1
        683 eafffffe 00000000 2 2 00000000 0 1 1 0 0 0 0 1 0 1
        684 eafffffe 00000000 2 2 00000000 1 1 1 0 0 0 0 1 0 1
        685 eafffffe 00000000 2 2 00000000 0 1 0 0 0 0 0 1 0 1
        686 eafffffe 00000000 2 2 00000000 1 1 0 0 0 0 0 1 0 1
        687 eafffffe 00000000 2 2 00000000 0 1 0 0 0 0 0 1 0 1
        688 eafffffe 00000000 2 2 00000000 1 1 0 0 0 0 0 1 0 1
        689 00000000 00000000 2 2 00000000 0 1 1 0 0 0 0 1 0 1
        690 00000000 00000000 2 2 00000000 1 1 1 0 0 0 0 1 0 1
        691 00000000 00000000 2 2 00000000 0 1 0 0 0 0 0 1 0 1
        692 00000000 00000000 2 2 00000000 1 1 0 0 0 0 0 1 0 1
        693 00000000 00000000 2 2 00000000 0 1 0 0 0 0 0 1 0 1
        694 00000000 00000000 2 2 00000000 1 1 0 0 0 0 0 1 0 1
        695 00000000 00000000 2 2 00000000 0 1 1 0 0 0 0 1 0 1
        696 00000000 00000000 2 2 00000000 1 1 1 0 0 0 0 1 0 1
        697 00000000 00000000 2 2 00000000 0 1 0 0 0 0 0 1 0 1
        698 00000000 00000000 2 2 00000000 1 1 0 0 0 0 0 1 0 1
        699 00000000 00000000 2 2 00000000 0 1 0 0 0 0 0 1 0 1
        700 00000000 00000000 2 2 00000000 1 1 0 0 0 0 0 1 0 1
        701 00000000 00000000 2 2 00000000 0 1 1 0 0 0 0 1 0 1
        702 00000000 00000000 2 2 00000000 1 1 1 0 0 0 0 1 0 1
        703 00000000 00000000 2 2 00000000 0 1 0 0 0 0 0 1 0 1
        704 00000000 00000000 2 2 00000000 1 1 0 0 0 0 0 1 0 1
        705 00000000 00000000 2 2 00000000 0 1 0 0 0 0 0 1 0 1
        706 00000000 00000000 2 2 00000000 1 1 0 0 0 0 0 1 0 1
        707 eafffffe 00000000 2 2 00000000 0 1 1 0 0 0 0 1 0 1
        708 eafffffe 00000000 2 2 00000000 1 1 1 0 0 0 0 1 0 1
        709 eafffffe 00000000 2 2 00000000 0 1 0 0 0 0 0 1 0 1
        710 eafffffe 00000000 2 2 00000000 1 1 0 0 0 0 0 1 0 1
        711 eafffffe 00000000 2 2 00000000 0 1 0 0 0 0 0 1 0 1
        712 eafffffe 00000000 2 2 00000000 1 1 0 0 0 0 0 1 0 1
        713 00000000 00000000 2 2 00000000 0 1 1 0 0 0 0 1 0 1
        714 00000000 00000000 2 2 00000000 1 1 1 0 0 0 0 1 0 1
        715 00000000 00000000 2 2 00000000 0 1 0 0 0 0 0 1 0 1
        716 00000000 00000000 2 2 00000000 1 1 0 0 0 0 0 1 0 1
        717 00000000 00000000 2 2 00000000 0 1 0 0 0 0 0 1 0 1
        718 00000000 00000000 2 2 00000000 1 1 0 0 0 0 0 1 0 1
        719 00000000 00000000 2 2 00000000 0 1 1 0 0 0 0 1 0 1
        720 00000000 00000000 2 2 00000000 1 1 1 0 0 0 0 1 0 1
        721 00000000 00000000 2 2 00000000 0 1 0 0 0 0 0 1 0 1
        722 00000000 00000000 2 2 00000000 1 1 0 0 0 0 0 1 0 1
        723 00000000 00000000 2 2 00000000 0 1 0 0 0 0 0 1 0 1
        724 00000000 00000000 2 2 00000000 1 1 0 0 0 0 0 1 0 1
        725 00000000 00000000 2 2 00000000 0 1 1 0 0 0 0 1 0 1
        726 00000000 00000000 2 2 00000000 1 1 1 0 0 0 0 1 0 1
        727 00000000 00000000 2 2 00000000 0 1 0 0 0 0 0 1 0 1
        728 00000000 00000000 2 2 00000000 1 1 0 0 0 0 0 1 0 1
        729 00000000 00000000 2 2 00000000 0 1 0 0 0 0 0 1 0 1
        730 00000000 00000000 2 2 00000000 1 1 0 0 0 0 0 1 0 1
        731 eafffffe 00000000 2 2 00000000 0 1 1 0 0 0 0 1 0 1
        732 eafffffe 00000000 2 2 00000000 1 1 1 0 0 0 0 1 0 1
        733 eafffffe 00000000 2 2 00000000 0 1 0 0 0 0 0 1 0 1
        734 eafffffe 00000000 2 2 00000000 1 1 0 0 0 0 0 1 0 1
        735 eafffffe 00000000 2 2 00000000 0 1 0 0 0 0 0 1 0 1
        736 eafffffe 00000000 2 2 00000000 1 1 0 0 0 0 0 1 0 1
        737 00000000 00000000 2 2 00000000 0 1 1 0 0 0 0 1 0 1
        738 00000000 00000000 2 2 00000000 1 1 1 0 0 0 0 1 0 1
        739 00000000 00000000 2 2 00000000 0 1 0 0 0 0 0 1 0 1
        740 00000000 00000000 2 2 00000000 1 1 0 0 0 0 0 1 0 1
        741 00000000 00000000 2 2 00000000 0 1 0 0 0 0 0 1 0 1
        742 00000000 00000000 2 2 00000000 1 1 0 0 0 0 0 1 0 1
        743 00000000 00000000 2 2 00000000 0 1 1 0 0 0 0 1 0 1
        744 00000000 00000000 2 2 00000000 1 1 1 0 0 0 0 1 0 1
        745 00000000 00000000 2 2 00000000 0 1 0 0 0 0 0 1 0 1
        746 00000000 00000000 2 2 00000000 1 1 0 0 0 0 0 1 0 1
        747 00000000 00000000 2 2 00000000 0 1 0 0 0 0 0 1 0 1
        748 00000000 00000000 2 2 00000000 1 1 0 0 0 0 0 1 0 1
        749 00000000 00000000 2 2 00000000 0 1 1 0 0 0 0 1 0 1
        750 00000000 00000000 2 2 00000000 1 1 1 0 0 0 0 1 0 1
        751 00000000 00000000 2 2 00000000 0 1 0 0 0 0 0 1 0 1
        752 00000000 00000000 2 2 00000000 1 1 0 0 0 0 0 1 0 1
        753 00000000 00000000 2 2 00000000 0 1 0 0 0 0 0 1 0 1
        754 00000000 00000000 2 2 00000000 1 1 0 0 0 0 0 1 0 1
        755 eafffffe 00000000 2 2 00000000 0 1 1 0 0 0 0 1 0 1
        756 eafffffe 00000000 2 2 00000000 1 1 1 0 0 0 0 1 0 1
        757 eafffffe 00000000 2 2 00000000 0 1 0 0 0 0 0 1 0 1
        758 eafffffe 00000000 2 2 00000000 1 1 0 0 0 0 0 1 0 1
        759 eafffffe 00000000 2 2 00000000 0 1 0 0 0 0 0 1 0 1
        760 eafffffe 00000000 2 2 00000000 1 1 0 0 0 0 0 1 0 1
        761 00000000 00000000 2 2 00000000 0 1 1 0 0 0 0 1 0 1
        762 00000000 00000000 2 2 00000000 1 1 1 0 0 0 0 1 0 1
        763 00000000 00000000 2 2 00000000 0 1 0 0 0 0 0 1 0 1
        764 00000000 00000000 2 2 00000000 1 1 0 0 0 0 0 1 0 1
        765 00000000 00000000 2 2 00000000 0 1 0 0 0 0 0 1 0 1
        766 00000000 00000000 2 2 00000000 1 1 0 0 0 0 0 1 0 1
        767 00000000 00000000 2 2 00000000 0 1 1 0 0 0 0 1 0 1
        768 00000000 00000000 2 2 00000000 1 1 1 0 0 0 0 1 0 1
        769 00000000 00000000 2 2 00000000 0 1 0 0 0 0 0 1 0 1
        770 00000000 00000000 2 2 00000000 1 1 0 0 0 0 0 1 0 1
        771 00000000 00000000 2 2 00000000 0 1 0 0 0 0 0 1 0 1
        772 00000000 00000000 2 2 00000000 1 1 0 0 0 0 0 1 0 1
        773 00000000 00000000 2 2 00000000 0 1 1 0 0 0 0 1 0 1
        774 00000000 00000000 2 2 00000000 1 1 1 0 0 0 0 1 0 1
        775 00000000 00000000 2 2 00000000 0 1 0 0 0 0 0 1 0 1
        776 00000000 00000000 2 2 00000000 1 1 0 0 0 0 0 1 0 1
        777 00000000 00000000 2 2 00000000 0 1 0 0 0 0 0 1 0 1
        778 00000000 00000000 2 2 00000000 1 1 0 0 0 0 0 1 0 1
        779 eafffffe 00000000 2 2 00000000 0 1 1 0 0 0 0 1 0 1
        780 eafffffe 00000000 2 2 00000000 1 1 1 0 0 0 0 1 0 1
        781 eafffffe 00000000 2 2 00000000 0 1 0 0 0 0 0 1 0 1
        782 eafffffe 00000000 2 2 00000000 1 1 0 0 0 0 0 1 0 1
        783 eafffffe 00000000 2 2 00000000 0 1 0 0 0 0 0 1 0 1
        784 eafffffe 00000000 2 2 00000000 1 1 0 0 0 0 0 1 0 1
        785 00000000 00000000 2 2 00000000 0 1 1 0 0 0 0 1 0 1
        786 00000000 00000000 2 2 00000000 1 1 1 0 0 0 0 1 0 1
        787 00000000 00000000 2 2 00000000 0 1 0 0 0 0 0 1 0 1
        788 00000000 00000000 2 2 00000000 1 1 0 0 0 0 0 1 0 1
        789 00000000 00000000 2 2 00000000 0 1 0 0 0 0 0 1 0 1
        790 00000000 00000000 2 2 00000000 1 1 0 0 0 0 0 1 0 1
        791 00000000 00000000 2 2 00000000 0 1 1 0 0 0 0 1 0 1
        792 00000000 00000000 2 2 00000000 1 1 1 0 0 0 0 1 0 1
        793 00000000 00000000 2 2 00000000 0 1 0 0 0 0 0 1 0 1
        794 00000000 00000000 2 2 00000000 1 1 0 0 0 0 0 1 0 1
        795 00000000 00000000 2 2 00000000 0 1 0 0 0 0 0 1 0 1
        796 00000000 00000000 2 2 00000000 1 1 0 0 0 0 0 1 0 1
        797 00000000 00000000 2 2 00000000 0 1 1 0 0 0 0 1 0 1
        798 00000000 00000000 2 2 00000000 1 1 1 0 0 0 0 1 0 1
        799 00000000 00000000 2 2 00000000 0 1 0 0 0 0 0 1 0 1
        800 00000000 00000000 2 2 00000000 1 1 0 0 0 0 0 1 0 1
        801 00000000 00000000 2 2 00000000 0 1 0 0 0 0 0 1 0 1
        802 00000000 00000000 2 2 00000000 1 1 0 0 0 0 0 1 0 1
        803 eafffffe 00000000 2 2 00000000 0 1 1 0 0 0 0 1 0 1
        804 eafffffe 00000000 2 2 00000000 1 1 1 0 0 0 0 1 0 1
        805 eafffffe 00000000 2 2 00000000 0 1 0 0 0 0 0 1 0 1
        806 eafffffe 00000000 2 2 00000000 1 1 0 0 0 0 0 1 0 1
        807 eafffffe 00000000 2 2 00000000 0 1 0 0 0 0 0 1 0 1
        808 eafffffe 00000000 2 2 00000000 1 1 0 0 0 0 0 1 0 1
        809 00000000 00000000 2 2 00000000 0 1 1 0 0 0 0 1 0 1
        810 00000000 00000000 2 2 00000000 1 1 1 0 0 0 0 1 0 1
        811 00000000 00000000 2 2 00000000 0 1 0 0 0 0 0 1 0 1
        812 00000000 00000000 2 2 00000000 1 1 0 0 0 0 0 1 0 1
        813 00000000 00000000 2 2 00000000 0 1 0 0 0 0 0 1 0 1
        814 00000000 00000000 2 2 00000000 1 1 0 0 0 0 0 1 0 1
        815 00000000 00000000 2 2 00000000 0 1 1 0 0 0 0 1 0 1
        816 00000000 00000000 2 2 00000000 1 1 1 0 0 0 0 1 0 1
        817 00000000 00000000 2 2 00000000 0 1 0 0 0 0 0 1 0 1
        818 00000000 00000000 2 2 00000000 1 1 0 0 0 0 0 1 0 1
        819 00000000 00000000 2 2 00000000 0 1 0 0 0 0 0 1 0 1
        820 00000000 00000000 2 2 00000000 1 1 0 0 0 0 0 1 0 1
        821 00000000 00000000 2 2 00000000 0 1 1 0 0 0 0 1 0 1
        822 00000000 00000000 2 2 00000000 1 1 1 0 0 0 0 1 0 1
        823 00000000 00000000 2 2 00000000 0 1 0 0 0 0 0 1 0 1
        824 00000000 00000000 2 2 00000000 1 1 0 0 0 0 0 1 0 1
        825 00000000 00000000 2 2 00000000 0 1 0 0 0 0 0 1 0 1
        826 00000000 00000000 2 2 00000000 1 1 0 0 0 0 0 1 0 1
        827 eafffffe 00000000 2 2 00000000 0 1 1 0 0 0 0 1 0 1
        828 eafffffe 00000000 2 2 00000000 1 1 1 0 0 0 0 1 0 1
        829 eafffffe 00000000 2 2 00000000 0 1 0 0 0 0 0 1 0 1
        830 eafffffe 00000000 2 2 00000000 1 1 0 0 0 0 0 1 0 1
        831 eafffffe 00000000 2 2 00000000 0 1 0 0 0 0 0 1 0 1
        832 eafffffe 00000000 2 2 00000000 1 1 0 0 0 0 0 1 0 1
        833 00000000 00000000 2 2 00000000 0 1 1 0 0 0 0 1 0 1
        834 00000000 00000000 2 2 00000000 1 1 1 0 0 0 0 1 0 1
        835 00000000 00000000 2 2 00000000 0 1 0 0 0 0 0 1 0 1
        836 00000000 00000000 2 2 00000000 1 1 0 0 0 0 0 1 0 1
        837 00000000 00000000 2 2 00000000 0 1 0 0 0 0 0 1 0 1
        838 00000000 00000000 2 2 00000000 1 1 0 0 0 0 0 1 0 1
        839 00000000 00000000 2 2 00000000 0 1 1 0 0 0 0 1 0 1
        840 00000000 00000000 2 2 00000000 1 1 1 0 0 0 0 1 0 1
        841 00000000 00000000 2 2 00000000 0 1 0 0 0 0 0 1 0 1
        842 00000000 00000000 2 2 00000000 1 1 0 0 0 0 0 1 0 1
        843 00000000 00000000 2 2 00000000 0 1 0 0 0 0 0 1 0 1
        844 00000000 00000000 2 2 00000000 1 1 0 0 0 0 0 1 0 1
        845 00000000 00000000 2 2 00000000 0 1 1 0 0 0 0 1 0 1
        846 00000000 00000000 2 2 00000000 1 1 1 0 0 0 0 1 0 1
        847 00000000 00000000 2 2 00000000 0 1 0 0 0 0 0 1 0 1
        848 00000000 00000000 2 2 00000000 1 1 0 0 0 0 0 1 0 1
        849 00000000 00000000 2 2 00000000 0 1 0 0 0 0 0 1 0 1
        850 00000000 00000000 2 2 00000000 1 1 0 0 0 0 0 1 0 1
        851 eafffffe 00000000 2 2 00000000 0 1 1 0 0 0 0 1 0 1
        852 eafffffe 00000000 2 2 00000000 1 1 1 0 0 0 0 1 0 1
        853 eafffffe 00000000 2 2 00000000 0 1 0 0 0 0 0 1 0 1
        854 eafffffe 00000000 2 2 00000000 1 1 0 0 0 0 0 1 0 1
        855 eafffffe 00000000 2 2 00000000 0 1 0 0 0 0 0 1 0 1
        856 eafffffe 00000000 2 2 00000000 1 1 0 0 0 0 0 1 0 1
        857 00000000 00000000 2 2 00000000 0 1 1 0 0 0 0 1 0 1
        858 00000000 00000000 2 2 00000000 1 1 1 0 0 0 0 1 0 1
        859 00000000 00000000 2 2 00000000 0 1 0 0 0 0 0 1 0 1
        860 00000000 00000000 2 2 00000000 1 1 0 0 0 0 0 1 0 1
        861 00000000 00000000 2 2 00000000 0 1 0 0 0 0 0 1 0 1
        862 00000000 00000000 2 2 00000000 1 1 0 0 0 0 0 1 0 1
        863 00000000 00000000 2 2 00000000 0 1 1 0 0 0 0 1 0 1
        864 00000000 00000000 2 2 00000000 1 1 1 0 0 0 0 1 0 1
        865 00000000 00000000 2 2 00000000 0 1 0 0 0 0 0 1 0 1
        866 00000000 00000000 2 2 00000000 1 1 0 0 0 0 0 1 0 1
        867 00000000 00000000 2 2 00000000 0 1 0 0 0 0 0 1 0 1
        868 00000000 00000000 2 2 00000000 1 1 0 0 0 0 0 1 0 1
        869 00000000 00000000 2 2 00000000 0 1 1 0 0 0 0 1 0 1
        870 00000000 00000000 2 2 00000000 1 1 1 0 0 0 0 1 0 1
        871 00000000 00000000 2 2 00000000 0 1 0 0 0 0 0 1 0 1
        872 00000000 00000000 2 2 00000000 1 1 0 0 0 0 0 1 0 1
        873 00000000 00000000 2 2 00000000 0 1 0 0 0 0 0 1 0 1
        874 00000000 00000000 2 2 00000000 1 1 0 0 0 0 0 1 0 1
        875 eafffffe 00000000 2 2 00000000 0 1 1 0 0 0 0 1 0 1
        876 eafffffe 00000000 2 2 00000000 1 1 1 0 0 0 0 1 0 1
        877 eafffffe 00000000 2 2 00000000 0 1 0 0 0 0 0 1 0 1
        878 eafffffe 00000000 2 2 00000000 1 1 0 0 0 0 0 1 0 1
        879 eafffffe 00000000 2 2 00000000 0 1 0 0 0 0 0 1 0 1
        880 eafffffe 00000000 2 2 00000000 1 1 0 0 0 0 0 1 0 1
        881 00000000 00000000 2 2 00000000 0 1 1 0 0 0 0 1 0 1
        882 00000000 00000000 2 2 00000000 1 1 1 0 0 0 0 1 0 1
        883 00000000 00000000 2 2 00000000 0 1 0 0 0 0 0 1 0 1
        884 00000000 00000000 2 2 00000000 1 1 0 0 0 0 0 1 0 1
        885 00000000 00000000 2 2 00000000 0 1 0 0 0 0 0 1 0 1
        886 00000000 00000000 2 2 00000000 1 1 0 0 0 0 0 1 0 1
        887 00000000 00000000 2 2 00000000 0 1 1 0 0 0 0 1 0 1
        888 00000000 00000000 2 2 00000000 1 1 1 0 0 0 0 1 0 1
        889 00000000 00000000 2 2 00000000 0 1 0 0 0 0 0 1 0 1
        890 00000000 00000000 2 2 00000000 1 1 0 0 0 0 0 1 0 1
        891 00000000 00000000 2 2 00000000 0 1 0 0 0 0 0 1 0 1
        892 00000000 00000000 2 2 00000000 1 1 0 0 0 0 0 1 0 1
        893 00000000 00000000 2 2 00000000 0 1 1 0 0 0 0 1 0 1
        894 00000000 00000000 2 2 00000000 1 1 1 0 0 0 0 1 0 1
        895 00000000 00000000 2 2 00000000 0 1 0 0 0 0 0 1 0 1
        896 00000000 00000000 2 2 00000000 1 1 0 0 0 0 0 1 0 1
        897 00000000 00000000 2 2 00000000 0 1 0 0 0 0 0 1 0 1
        898 00000000 00000000 2 2 00000000 1 1 0 0 0 0 0 1 0 1
        899 eafffffe 00000000 2 2 00000000 0 1 1 0 0 0 0 1 0 1
        900 eafffffe 00000000 2 2 00000000 1 1 1 0 0 0 0 1 0 1
        901 eafffffe 00000000 2 2 00000000 0 1 0 0 0 0 0 1 0 1
        902 eafffffe 00000000 2 2 00000000 1 1 0 0 0 0 0 1 0 1
        903 eafffffe 00000000 2 2 00000000 0 1 0 0 0 0 0 1 0 1
        904 eafffffe 00000000 2 2 00000000 1 1 0 0 0 0 0 1 0 1
        905 00000000 00000000 2 2 00000000 0 1 1 0 0 0 0 1 0 1
        906 00000000 00000000 2 2 00000000 1 1 1 0 0 0 0 1 0 1
        907 00000000 00000000 2 2 00000000 0 1 0 0 0 0 0 1 0 1
        908 00000000 00000000 2 2 00000000 1 1 0 0 0 0 0 1 0 1
        909 00000000 00000000 2 2 00000000 0 1 0 0 0 0 0 1 0 1
        910 00000000 00000000 2 2 00000000 1 1 0 0 0 0 0 1 0 1
        911 00000000 00000000 2 2 00000000 0 1 1 0 0 0 0 1 0 1
        912 00000000 00000000 2 2 00000000 1 1 1 0 0 0 0 1 0 1
        913 00000000 00000000 2 2 00000000 0 1 0 0 0 0 0 1 0 1
        914 00000000 00000000 2 2 00000000 1 1 0 0 0 0 0 1 0 1
        915 00000000 00000000 2 2 00000000 0 1 0 0 0 0 0 1 0 1
        916 00000000 00000000 2 2 00000000 1 1 0 0 0 0 0 1 0 1
        917 00000000 00000000 2 2 00000000 0 1 1 0 0 0 0 1 0 1
        918 00000000 00000000 2 2 00000000 1 1 1 0 0 0 0 1 0 1
        919 00000000 00000000 2 2 00000000 0 1 0 0 0 0 0 1 0 1
        920 00000000 00000000 2 2 00000000 1 1 0 0 0 0 0 1 0 1
        921 00000000 00000000 2 2 00000000 0 1 0 0 0 0 0 1 0 1
        922 00000000 00000000 2 2 00000000 1 1 0 0 0 0 0 1 0 1
        923 eafffffe 00000000 2 2 00000000 0 1 1 0 0 0 0 1 0 1
        924 eafffffe 00000000 2 2 00000000 1 1 1 0 0 0 0 1 0 1
        925 eafffffe 00000000 2 2 00000000 0 1 0 0 0 0 0 1 0 1
        926 eafffffe 00000000 2 2 00000000 1 1 0 0 0 0 0 1 0 1
        927 eafffffe 00000000 2 2 00000000 0 1 0 0 0 0 0 1 0 1
        928 eafffffe 00000000 2 2 00000000 1 1 0 0 0 0 0 1 0 1
        929 00000000 00000000 2 2 00000000 0 1 1 0 0 0 0 1 0 1
        930 00000000 00000000 2 2 00000000 1 1 1 0 0 0 0 1 0 1
        931 00000000 00000000 2 2 00000000 0 1 0 0 0 0 0 1 0 1
        932 00000000 00000000 2 2 00000000 1 1 0 0 0 0 0 1 0 1
        933 00000000 00000000 2 2 00000000 0 1 0 0 0 0 0 1 0 1
        934 00000000 00000000 2 2 00000000 1 1 0 0 0 0 0 1 0 1
        935 00000000 00000000 2 2 00000000 0 1 1 0 0 0 0 1 0 1
        936 00000000 00000000 2 2 00000000 1 1 1 0 0 0 0 1 0 1
        937 00000000 00000000 2 2 00000000 0 1 0 0 0 0 0 1 0 1
        938 00000000 00000000 2 2 00000000 1 1 0 0 0 0 0 1 0 1
        939 00000000 00000000 2 2 00000000 0 1 0 0 0 0 0 1 0 1
        940 00000000 00000000 2 2 00000000 1 1 0 0 0 0 0 1 0 1
        941 00000000 00000000 2 2 00000000 0 1 1 0 0 0 0 1 0 1
        942 00000000 00000000 2 2 00000000 1 1 1 0 0 0 0 1 0 1
        943 00000000 00000000 2 2 00000000 0 1 0 0 0 0 0 1 0 1
        944 00000000 00000000 2 2 00000000 1 1 0 0 0 0 0 1 0 1
        945 00000000 00000000 2 2 00000000 0 1 0 0 0 0 0 1 0 1
        946 00000000 00000000 2 2 00000000 1 1 0 0 0 0 0 1 0 1
        947 eafffffe 00000000 2 2 00000000 0 1 1 0 0 0 0 1 0 1
        948 eafffffe 00000000 2 2 00000000 1 1 1 0 0 0 0 1 0 1
        949 eafffffe 00000000 2 2 00000000 0 1 0 0 0 0 0 1 0 1
        950 eafffffe 00000000 2 2 00000000 1 1 0 0 0 0 0 1 0 1
        951 eafffffe 00000000 2 2 00000000 0 1 0 0 0 0 0 1 0 1
        952 eafffffe 00000000 2 2 00000000 1 1 0 0 0 0 0 1 0 1
        953 00000000 00000000 2 2 00000000 0 1 1 0 0 0 0 1 0 1
        954 00000000 00000000 2 2 00000000 1 1 1 0 0 0 0 1 0 1
        955 00000000 00000000 2 2 00000000 0 1 0 0 0 0 0 1 0 1
        956 00000000 00000000 2 2 00000000 1 1 0 0 0 0 0 1 0 1
        957 00000000 00000000 2 2 00000000 0 1 0 0 0 0 0 1 0 1
        958 00000000 00000000 2 2 00000000 1 1 0 0 0 0 0 1 0 1
        959 00000000 00000000 2 2 00000000 0 1 1 0 0 0 0 1 0 1
        960 00000000 00000000 2 2 00000000 1 1 1 0 0 0 0 1 0 1
        961 00000000 00000000 2 2 00000000 0 1 0 0 0 0 0 1 0 1
        962 00000000 00000000 2 2 00000000 1 1 0 0 0 0 0 1 0 1
        963 00000000 00000000 2 2 00000000 0 1 0 0 0 0 0 1 0 1
        964 00000000 00000000 2 2 00000000 1 1 0 0 0 0 0 1 0 1
        965 00000000 00000000 2 2 00000000 0 1 1 0 0 0 0 1 0 1
        966 00000000 00000000 2 2 00000000 1 1 1 0 0 0 0 1 0 1
        967 00000000 00000000 2 2 00000000 0 1 0 0 0 0 0 1 0 1
        968 00000000 00000000 2 2 00000000 1 1 0 0 0 0 0 1 0 1
        969 00000000 00000000 2 2 00000000 0 1 0 0 0 0 0 1 0 1
        970 00000000 00000000 2 2 00000000 1 1 0 0 0 0 0 1 0 1
        971 eafffffe 00000000 2 2 00000000 0 1 1 0 0 0 0 1 0 1
        972 eafffffe 00000000 2 2 00000000 1 1 1 0 0 0 0 1 0 1
        973 eafffffe 00000000 2 2 00000000 0 1 0 0 0 0 0 1 0 1
        974 eafffffe 00000000 2 2 00000000 1 1 0 0 0 0 0 1 0 1
        975 eafffffe 00000000 2 2 00000000 0 1 0 0 0 0 0 1 0 1
        976 eafffffe 00000000 2 2 00000000 1 1 0 0 0 0 0 1 0 1
        977 00000000 00000000 2 2 00000000 0 1 1 0 0 0 0 1 0 1
        978 00000000 00000000 2 2 00000000 1 1 1 0 0 0 0 1 0 1
        979 00000000 00000000 2 2 00000000 0 1 0 0 0 0 0 1 0 1
        980 00000000 00000000 2 2 00000000 1 1 0 0 0 0 0 1 0 1
        981 00000000 00000000 2 2 00000000 0 1 0 0 0 0 0 1 0 1
        982 00000000 00000000 2 2 00000000 1 1 0 0 0 0 0 1 0 1
        983 00000000 00000000 2 2 00000000 0 1 1 0 0 0 0 1 0 1
        984 00000000 00000000 2 2 00000000 1 1 1 0 0 0 0 1 0 1
        985 00000000 00000000 2 2 00000000 0 1 0 0 0 0 0 1 0 1
        986 00000000 00000000 2 2 00000000 1 1 0 0 0 0 0 1 0 1
        987 00000000 00000000 2 2 00000000 0 1 0 0 0 0 0 1 0 1
        988 00000000 00000000 2 2 00000000 1 1 0 0 0 0 0 1 0 1
        989 00000000 00000000 2 2 00000000 0 1 1 0 0 0 0 1 0 1
        990 00000000 00000000 2 2 00000000 1 1 1 0 0 0 0 1 0 1
        991 00000000 00000000 2 2 00000000 0 1 0 0 0 0 0 1 0 1
        992 00000000 00000000 2 2 00000000 1 1 0 0 0 0 0 1 0 1
        993 00000000 00000000 2 2 00000000 0 1 0 0 0 0 0 1 0 1
        994 00000000 00000000 2 2 00000000 1 1 0 0 0 0 0 1 0 1
        995 eafffffe 00000000 2 2 00000000 0 1 1 0 0 0 0 1 0 1
        996 eafffffe 00000000 2 2 00000000 1 1 1 0 0 0 0 1 0 1
        997 eafffffe 00000000 2 2 00000000 0 1 0 0 0 0 0 1 0 1
        998 eafffffe 00000000 2 2 00000000 1 1 0 0 0 0 0 1 0 1
        999 eafffffe 00000000 2 2 00000000 0 1 0 0 0 0 0 1 0 1
       1000 eafffffe 00000000 2 2 00000000 1 1 0 0 0 0 0 1 0 1
       1001 00000000 00000000 2 2 00000000 0 1 1 0 0 0 0 1 0 1
       1002 00000000 00000000 2 2 00000000 1 1 1 0 0 0 0 1 0 1
       1003 00000000 00000000 2 2 00000000 0 1 0 0 0 0 0 1 0 1
       1004 00000000 00000000 2 2 00000000 1 1 0 0 0 0 0 1 0 1
       1005 00000000 00000000 2 2 00000000 0 1 0 0 0 0 0 1 0 1
       1006 00000000 00000000 2 2 00000000 1 1 0 0 0 0 0 1 0 1
       1007 00000000 00000000 2 2 00000000 0 1 1 0 0 0 0 1 0 1
       1008 00000000 00000000 2 2 00000000 1 1 1 0 0 0 0 1 0 1
       1009 00000000 00000000 2 2 00000000 0 1 0 0 0 0 0 1 0 1
       1010 00000000 00000000 2 2 00000000 1 1 0 0 0 0 0 1 0 1
       1011 00000000 00000000 2 2 00000000 0 1 0 0 0 0 0 1 0 1
       1012 00000000 00000000 2 2 00000000 1 1 0 0 0 0 0 1 0 1
       1013 00000000 00000000 2 2 00000000 0 1 1 0 0 0 0 1 0 1
       1014 00000000 00000000 2 2 00000000 1 1 1 0 0 0 0 1 0 1
       1015 00000000 00000000 2 2 00000000 0 1 0 0 0 0 0 1 0 1
       1016 00000000 00000000 2 2 00000000 1 1 0 0 0 0 0 1 0 1
       1017 00000000 00000000 2 2 00000000 0 1 0 0 0 0 0 1 0 1
       1018 00000000 00000000 2 2 00000000 1 1 0 0 0 0 0 1 0 1
       1019 eafffffe 00000000 2 2 00000000 0 1 1 0 0 0 0 1 0 1
       1020 eafffffe 00000000 2 2 00000000 1 1 1 0 0 0 0 1 0 1
       1021 eafffffe 00000000 2 2 00000000 0 1 0 0 0 0 0 1 0 1
       1022 eafffffe 00000000 2 2 00000000 1 1 0 0 0 0 0 1 0 1
       1023 eafffffe 00000000 2 2 00000000 0 1 0 0 0 0 0 1 0 1
       1024 eafffffe 00000000 2 2 00000000 1 1 0 0 0 0 0 1 0 1
       1025 00000000 00000000 2 2 00000000 0 1 1 0 0 0 0 1 0 1
       1026 00000000 00000000 2 2 00000000 1 1 1 0 0 0 0 1 0 1
       1027 00000000 00000000 2 2 00000000 0 1 0 0 0 0 0 1 0 1
       1028 00000000 00000000 2 2 00000000 1 1 0 0 0 0 0 1 0 1
       1029 00000000 00000000 2 2 00000000 0 1 0 0 0 0 0 1 0 1
       1030 00000000 00000000 2 2 00000000 1 1 0 0 0 0 0 1 0 1
       1031 00000000 00000000 2 2 00000000 0 1 1 0 0 0 0 1 0 1
       1032 00000000 00000000 2 2 00000000 1 1 1 0 0 0 0 1 0 1
       1033 00000000 00000000 2 2 00000000 0 1 0 0 0 0 0 1 0 1
       1034 00000000 00000000 2 2 00000000 1 1 0 0 0 0 0 1 0 1
       1035 00000000 00000000 2 2 00000000 0 1 0 0 0 0 0 1 0 1
       1036 00000000 00000000 2 2 00000000 1 1 0 0 0 0 0 1 0 1
       1037 00000000 00000000 2 2 00000000 0 1 1 0 0 0 0 1 0 1
       1038 00000000 00000000 2 2 00000000 1 1 1 0 0 0 0 1 0 1
       1039 00000000 00000000 2 2 00000000 0 1 0 0 0 0 0 1 0 1
       1040 00000000 00000000 2 2 00000000 1 1 0 0 0 0 0 1 0 1
       1041 00000000 00000000 2 2 00000000 0 1 0 0 0 0 0 1 0 1
       1042 00000000 00000000 2 2 00000000 1 1 0 0 0 0 0 1 0 1
       1043 eafffffe 00000000 2 2 00000000 0 1 1 0 0 0 0 1 0 1
       1044 eafffffe 00000000 2 2 00000000 1 1 1 0 0 0 0 1 0 1
       1045 eafffffe 00000000 2 2 00000000 0 1 0 0 0 0 0 1 0 1
       1046 eafffffe 00000000 2 2 00000000 1 1 0 0 0 0 0 1 0 1
       1047 eafffffe 00000000 2 2 00000000 0 1 0 0 0 0 0 1 0 1
       1048 eafffffe 00000000 2 2 00000000 1 1 0 0 0 0 0 1 0 1
       1049 00000000 00000000 2 2 00000000 0 1 1 0 0 0 0 1 0 1
       1050 00000000 00000000 2 2 00000000 1 1 1 0 0 0 0 1 0 1
       1051 00000000 00000000 2 2 00000000 0 1 0 0 0 0 0 1 0 1
       1052 00000000 00000000 2 2 00000000 1 1 0 0 0 0 0 1 0 1
       1053 00000000 00000000 2 2 00000000 0 1 0 0 0 0 0 1 0 1
       1054 00000000 00000000 2 2 00000000 1 1 0 0 0 0 0 1 0 1
       1055 00000000 00000000 2 2 00000000 0 1 1 0 0 0 0 1 0 1
       1056 00000000 00000000 2 2 00000000 1 1 1 0 0 0 0 1 0 1
       1057 00000000 00000000 2 2 00000000 0 1 0 0 0 0 0 1 0 1
       1058 00000000 00000000 2 2 00000000 1 1 0 0 0 0 0 1 0 1
       1059 00000000 00000000 2 2 00000000 0 1 0 0 0 0 0 1 0 1
       1060 00000000 00000000 2 2 00000000 1 1 0 0 0 0 0 1 0 1
       1061 00000000 00000000 2 2 00000000 0 1 1 0 0 0 0 1 0 1
       1062 00000000 00000000 2 2 00000000 1 1 1 0 0 0 0 1 0 1
       1063 00000000 00000000 2 2 00000000 0 1 0 0 0 0 0 1 0 1
       1064 00000000 00000000 2 2 00000000 1 1 0 0 0 0 0 1 0 1
       1065 00000000 00000000 2 2 00000000 0 1 0 0 0 0 0 1 0 1
       1066 00000000 00000000 2 2 00000000 1 1 0 0 0 0 0 1 0 1
       1067 eafffffe 00000000 2 2 00000000 0 1 1 0 0 0 0 1 0 1
       1068 eafffffe 00000000 2 2 00000000 1 1 1 0 0 0 0 1 0 1
       1069 eafffffe 00000000 2 2 00000000 0 1 0 0 0 0 0 1 0 1
       1070 eafffffe 00000000 2 2 00000000 1 1 0 0 0 0 0 1 0 1
       1071 eafffffe 00000000 2 2 00000000 0 1 0 0 0 0 0 1 0 1
       1072 eafffffe 00000000 2 2 00000000 1 1 0 0 0 0 0 1 0 1
       1073 00000000 00000000 2 2 00000000 0 1 1 0 0 0 0 1 0 1
       1074 00000000 00000000 2 2 00000000 1 1 1 0 0 0 0 1 0 1
       1075 00000000 00000000 2 2 00000000 0 1 0 0 0 0 0 1 0 1
       1076 00000000 00000000 2 2 00000000 1 1 0 0 0 0 0 1 0 1
       1077 00000000 00000000 2 2 00000000 0 1 0 0 0 0 0 1 0 1
       1078 00000000 00000000 2 2 00000000 1 1 0 0 0 0 0 1 0 1
       1079 00000000 00000000 2 2 00000000 0 1 1 0 0 0 0 1 0 1
       1080 00000000 00000000 2 2 00000000 1 1 1 0 0 0 0 1 0 1
       1081 00000000 00000000 2 2 00000000 0 1 0 0 0 0 0 1 0 1
       1082 00000000 00000000 2 2 00000000 1 1 0 0 0 0 0 1 0 1
       1083 00000000 00000000 2 2 00000000 0 1 0 0 0 0 0 1 0 1
       1084 00000000 00000000 2 2 00000000 1 1 0 0 0 0 0 1 0 1
       1085 00000000 00000000 2 2 00000000 0 1 1 0 0 0 0 1 0 1
       1086 00000000 00000000 2 2 00000000 1 1 1 0 0 0 0 1 0 1
       1087 00000000 00000000 2 2 00000000 0 1 0 0 0 0 0 1 0 1
       1088 00000000 00000000 2 2 00000000 1 1 0 0 0 0 0 1 0 1
       1089 00000000 00000000 2 2 00000000 0 1 0 0 0 0 0 1 0 1
       1090 00000000 00000000 2 2 00000000 1 1 0 0 0 0 0 1 0 1
       1091 eafffffe 00000000 2 2 00000000 0 1 1 0 0 0 0 1 0 1
       1092 eafffffe 00000000 2 2 00000000 1 1 1 0 0 0 0 1 0 1
       1093 eafffffe 00000000 2 2 00000000 0 1 0 0 0 0 0 1 0 1
       1094 eafffffe 00000000 2 2 00000000 1 1 0 0 0 0 0 1 0 1
       1095 eafffffe 00000000 2 2 00000000 0 1 0 0 0 0 0 1 0 1
       1096 eafffffe 00000000 2 2 00000000 1 1 0 0 0 0 0 1 0 1
       1097 00000000 00000000 2 2 00000000 0 1 1 0 0 0 0 1 0 1
       1098 00000000 00000000 2 2 00000000 1 1 1 0 0 0 0 1 0 1
       1099 00000000 00000000 2 2 00000000 0 1 0 0 0 0 0 1 0 1
       1100 00000000 00000000 2 2 00000000 1 1 0 0 0 0 0 1 0 1
       1101 00000000 00000000 2 2 00000000 0 1 0 0 0 0 0 1 0 1
       1102 00000000 00000000 2 2 00000000 1 1 0 0 0 0 0 1 0 1
       1103 00000000 00000000 2 2 00000000 0 1 1 0 0 0 0 1 0 1
       1104 00000000 00000000 2 2 00000000 1 1 1 0 0 0 0 1 0 1
       1105 00000000 00000000 2 2 00000000 0 1 0 0 0 0 0 1 0 1
       1106 00000000 00000000 2 2 00000000 1 1 0 0 0 0 0 1 0 1
       1107 00000000 00000000 2 2 00000000 0 1 0 0 0 0 0 1 0 1
       1108 00000000 00000000 2 2 00000000 1 1 0 0 0 0 0 1 0 1
       1109 00000000 00000000 2 2 00000000 0 1 1 0 0 0 0 1 0 1
       1110 00000000 00000000 2 2 00000000 1 1 1 0 0 0 0 1 0 1
       1111 00000000 00000000 2 2 00000000 0 1 0 0 0 0 0 1 0 1
       1112 00000000 00000000 2 2 00000000 1 1 0 0 0 0 0 1 0 1
       1113 00000000 00000000 2 2 00000000 0 1 0 0 0 0 0 1 0 1
       1114 00000000 00000000 2 2 00000000 1 1 0 0 0 0 0 1 0 1
       1115 eafffffe 00000000 2 2 00000000 0 1 1 0 0 0 0 1 0 1
       1116 eafffffe 00000000 2 2 00000000 1 1 1 0 0 0 0 1 0 1
       1117 eafffffe 00000000 2 2 00000000 0 1 0 0 0 0 0 1 0 1
       1118 eafffffe 00000000 2 2 00000000 1 1 0 0 0 0 0 1 0 1
       1119 eafffffe 00000000 2 2 00000000 0 1 0 0 0 0 0 1 0 1
       1120 eafffffe 00000000 2 2 00000000 1 1 0 0 0 0 0 1 0 1
       1121 00000000 00000000 2 2 00000000 0 1 1 0 0 0 0 1 0 1
       1122 00000000 00000000 2 2 00000000 1 1 1 0 0 0 0 1 0 1
       1123 00000000 00000000 2 2 00000000 0 1 0 0 0 0 0 1 0 1
       1124 00000000 00000000 2 2 00000000 1 1 0 0 0 0 0 1 0 1
       1125 00000000 00000000 2 2 00000000 0 1 0 0 0 0 0 1 0 1
       1126 00000000 00000000 2 2 00000000 1 1 0 0 0 0 0 1 0 1
       1127 00000000 00000000 2 2 00000000 0 1 1 0 0 0 0 1 0 1
       1128 00000000 00000000 2 2 00000000 1 1 1 0 0 0 0 1 0 1
       1129 00000000 00000000 2 2 00000000 0 1 0 0 0 0 0 1 0 1
       1130 00000000 00000000 2 2 00000000 1 1 0 0 0 0 0 1 0 1
       1131 00000000 00000000 2 2 00000000 0 1 0 0 0 0 0 1 0 1
       1132 00000000 00000000 2 2 00000000 1 1 0 0 0 0 0 1 0 1
       1133 00000000 00000000 2 2 00000000 0 1 1 0 0 0 0 1 0 1
       1134 00000000 00000000 2 2 00000000 1 1 1 0 0 0 0 1 0 1
       1135 00000000 00000000 2 2 00000000 0 1 0 0 0 0 0 1 0 1
       1136 00000000 00000000 2 2 00000000 1 1 0 0 0 0 0 1 0 1
       1137 00000000 00000000 2 2 00000000 0 1 0 0 0 0 0 1 0 1
       1138 00000000 00000000 2 2 00000000 1 1 0 0 0 0 0 1 0 1
       1139 eafffffe 00000000 2 2 00000000 0 1 1 0 0 0 0 1 0 1
       1140 eafffffe 00000000 2 2 00000000 1 1 1 0 0 0 0 1 0 1
       1141 eafffffe 00000000 2 2 00000000 0 1 0 0 0 0 0 1 0 1
       1142 eafffffe 00000000 2 2 00000000 1 1 0 0 0 0 0 1 0 1
       1143 eafffffe 00000000 2 2 00000000 0 1 0 0 0 0 0 1 0 1
       1144 eafffffe 00000000 2 2 00000000 1 1 0 0 0 0 0 1 0 1
       1145 00000000 00000000 2 2 00000000 0 1 1 0 0 0 0 1 0 1
       1146 00000000 00000000 2 2 00000000 1 1 1 0 0 0 0 1 0 1
       1147 00000000 00000000 2 2 00000000 0 1 0 0 0 0 0 1 0 1
       1148 00000000 00000000 2 2 00000000 1 1 0 0 0 0 0 1 0 1
       1149 00000000 00000000 2 2 00000000 0 1 0 0 0 0 0 1 0 1
       1150 00000000 00000000 2 2 00000000 1 1 0 0 0 0 0 1 0 1
       1151 00000000 00000000 2 2 00000000 0 1 1 0 0 0 0 1 0 1
       1152 00000000 00000000 2 2 00000000 1 1 1 0 0 0 0 1 0 1
       1153 00000000 00000000 2 2 00000000 0 1 0 0 0 0 0 1 0 1
       1154 00000000 00000000 2 2 00000000 1 1 0 0 0 0 0 1 0 1
       1155 00000000 00000000 2 2 00000000 0 1 0 0 0 0 0 1 0 1
       1156 00000000 00000000 2 2 00000000 1 1 0 0 0 0 0 1 0 1
       1157 00000000 00000000 2 2 00000000 0 1 1 0 0 0 0 1 0 1
       1158 00000000 00000000 2 2 00000000 1 1 1 0 0 0 0 1 0 1
       1159 00000000 00000000 2 2 00000000 0 1 0 0 0 0 0 1 0 1
       1160 00000000 00000000 2 2 00000000 1 1 0 0 0 0 0 1 0 1
       1161 00000000 00000000 2 2 00000000 0 1 0 0 0 0 0 1 0 1
       1162 00000000 00000000 2 2 00000000 1 1 0 0 0 0 0 1 0 1
       1163 eafffffe 00000000 2 2 00000000 0 1 1 0 0 0 0 1 0 1
       1164 eafffffe 00000000 2 2 00000000 1 1 1 0 0 0 0 1 0 1
       1165 eafffffe 00000000 2 2 00000000 0 1 0 0 0 0 0 1 0 1
       1166 eafffffe 00000000 2 2 00000000 1 1 0 0 0 0 0 1 0 1
       1167 eafffffe 00000000 2 2 00000000 0 1 0 0 0 0 0 1 0 1
       1168 eafffffe 00000000 2 2 00000000 1 1 0 0 0 0 0 1 0 1
       1169 00000000 00000000 2 2 00000000 0 1 1 0 0 0 0 1 0 1
       1170 00000000 00000000 2 2 00000000 1 1 1 0 0 0 0 1 0 1
       1171 00000000 00000000 2 2 00000000 0 1 0 0 0 0 0 1 0 1
       1172 00000000 00000000 2 2 00000000 1 1 0 0 0 0 0 1 0 1
       1173 00000000 00000000 2 2 00000000 0 1 0 0 0 0 0 1 0 1
       1174 00000000 00000000 2 2 00000000 1 1 0 0 0 0 0 1 0 1
       1175 00000000 00000000 2 2 00000000 0 1 1 0 0 0 0 1 0 1
       1176 00000000 00000000 2 2 00000000 1 1 1 0 0 0 0 1 0 1
       1177 00000000 00000000 2 2 00000000 0 1 0 0 0 0 0 1 0 1
       1178 00000000 00000000 2 2 00000000 1 1 0 0 0 0 0 1 0 1
       1179 00000000 00000000 2 2 00000000 0 1 0 0 0 0 0 1 0 1
       1180 00000000 00000000 2 2 00000000 1 1 0 0 0 0 0 1 0 1
